    50.0     963032172.4     1.14774     4.90877    20.71472    19.78993    77.41752     1.85137
    75.0     869198721.0     1.25289     4.32280    62.77043    10.20035    82.83269     2.59434
   100.0   10189832175.5     1.46625     4.79081    64.74711    12.66711   101.88618     2.51864
   125.0        387793.1     1.06820     2.09428    21.69922    16.95205   142.88046     1.49312
   150.0       5693242.7     1.11569     2.70941    27.90697    16.85078   173.90958     2.04402
   175.0    5830275962.2     1.42039     4.17526    93.69657     8.49147   177.16561     1.36722
   200.0    2340710978.0     1.29457     3.87202    88.60586     8.92689   207.69933     1.20888
   250.0     323564272.6     1.13362     3.25411    77.03613     9.27487   279.15170     0.99193
   300.0      24013951.2     0.97294     2.46699    45.78454    13.22927   408.70199     2.33948
   350.0    1729487615.2     1.18474     3.43537   108.65137     5.37593   371.53616     1.61205
   400.0     326754943.2     1.15276     3.05704    82.38967     8.11291   428.87434     1.83719
   500.0      24496744.3     0.93616     2.18279    45.25340    12.63345   683.85552     1.05754
   600.0      31548637.3     0.90194     2.05172    47.98218    11.55051   853.12343     1.20401
   700.0      21670848.4     0.83612     1.63824    32.57916    14.74529  1126.95457     1.50643
   800.0      28544601.3     0.83013     1.59752    34.82530    13.57945  1294.55294     1.32207
   900.0      43983235.5     0.80019     1.42095    29.40830    14.72313  1643.39881     1.05540
  1000.0    1441189594.2     1.04744     2.79598   137.90676    -1.01502   988.36322     9.28245
  1200.0      44856722.7     0.85421     1.63807    36.99539    13.00257  2400.31342     1.45774
  1400.0      23574226.7     0.90843     1.68605    39.73898    12.51363  2248.80404     1.43764
  1600.0      24466613.5     0.90908     1.64259    39.51782    12.24603  2549.66493     1.35924
  1800.0      26230781.0     0.90914     1.61211    39.46595    12.16361  2818.05607     1.64281
  2000.0      66107505.0     0.84936     1.45971    33.70077    13.27287  4189.46167     1.57153
  2400.0      30059008.3     0.92980     1.59447    42.84547    11.01626  3460.03984     2.39875
  2800.0      64949480.5     0.88601     1.51454    41.33967    11.10223  5007.79552     1.98124
  3200.0      43405281.7     0.93599     1.57309    46.66124     9.83011  4595.54378     3.45446
  3600.0      38897507.0     0.97401     1.60314    50.70895     8.81483  4542.04839     5.86540
  4000.0      54967110.3     0.93271     1.52772    46.66435     9.45426  5935.93700     4.70169
