    50.0            2368.5     0.52474    -1.09544    48.41662    17.76986   143.57451     0.00046
    75.0           60297.3     1.16676     4.70998    71.00485    14.27056    79.49277     0.00055
   100.0          541602.2     1.20232     4.99982    85.01986    13.66985   108.05915     0.00138
   125.0          186125.0     1.06448     4.37935    96.39865    11.82963   140.93727     0.00083
   150.0          461407.7     0.94421     4.22836   108.66236    10.85971   204.27364     0.00138
   175.0         2534356.7     1.15046     4.78969   129.94721     9.23005   187.87951     0.00091
   200.0          555858.7     0.83439     3.68643   122.80463     8.62409   343.36476     0.00106
   250.0         3955371.8     1.10840     4.61484   146.82280     7.79480   274.84585     0.00537
   300.0         1265774.2     1.19948     4.37673   130.58596     9.16001   295.21887     0.00846
   350.0        10398933.5     1.03613     4.52944   173.57514     5.62667   431.84693     0.00503
   400.0         6039471.2     1.07845     4.42570   161.90339     6.45259   452.47201     0.00562
   500.0         2466211.8     1.03018     4.07700   158.83135     5.77713   578.86162     0.00435
   600.0         2611495.5     1.05448     4.03389   163.38383     5.23935   673.23595     0.00356
   700.0          897773.4     1.04985     3.77382   144.47780     6.55608   708.61626     0.00511
   800.0          373110.4     0.96693     3.43259   127.12335     7.68453   954.24936     0.00495
   900.0          402915.2     0.94615     3.35207   127.54215     7.49482  1066.54592     0.00786
  1000.0          174943.6     0.91501     3.08199   107.86775     9.23173  1238.09374     0.00778
  1200.0          405675.3     1.19783     3.49217   143.34264     6.19699  1221.95611     0.00876
  1400.0           99032.5     1.10140     3.12819   119.54888     7.78279  1537.59059     0.00600
  1600.0           80589.6     1.11895     3.05036   116.86783     8.03130  1744.11951     0.00864
  1800.0           60941.9     1.13632     2.96650   113.75133     8.09365  1886.85326     0.00902
  2000.0           47533.6     1.11846     2.87671   107.52850     8.69732  2168.27430     0.00944
  2400.0           39892.2     1.12252     2.78666   104.94645     8.74266  2542.49519     0.01199
  2800.0           35095.3     1.15086     2.72969   102.44313     8.96880  2753.32989     0.01763
  3200.0           33015.3     1.13268     2.66569   101.03223     8.91519  3359.83435     0.02112
  3600.0           26317.8     1.14213     2.59457    96.22803     9.43666  3596.50198     0.02448
  4000.0           25497.5     1.14762     2.56062    94.21233     9.60111  3993.47283     0.02927
