    50.0               6.5     0.49259    -3.38772   140.66633    11.38520   125.43272     0.00002
    75.0              29.7     1.05556     3.69459    56.77269    16.32939    84.68112     0.00007
   100.0              10.2     1.09957     3.23998    48.35037    17.51006    99.92139     0.00156
   125.0            3711.1     0.68130     2.51511    56.33188    16.83601   355.64389     0.00126
   150.0            6070.5     0.69167     2.54650    62.20156    16.59882   355.36843     0.00077
   175.0           10232.0     0.84639     3.64811    98.30807    12.56050   236.30584     0.00181
   200.0          272137.0     1.01809     4.83876   110.52664    12.41646   257.97806     0.00080
   250.0           14529.9     0.84715     3.64950    86.49353    13.52827   432.46258     0.00670
   300.0            1218.5     1.05340     3.50211    63.58446    16.41202   295.21887     0.00574
   350.0           38023.3     0.85486     3.65082    84.78191    14.02787   620.09260     0.00610
   400.0            2075.4     0.98596     3.39438    57.08808    17.84769   395.19678     0.01100
   500.0          633810.0     1.03615     4.40529   139.78736     9.28861   507.70880     0.00905
   600.0            5009.6     0.96581     3.27354    77.19416    14.46130   599.47253     0.01079
   700.0            2582.5     0.96001     3.08509    62.59862    16.16171   679.29144     0.01022
   800.0           17080.6     1.02271     3.48045    88.85836    13.01250   769.73804     0.00663
   900.0            6249.1     0.95868     3.12852    73.29510    14.64231   872.22748     0.00709
  1000.0            9181.6     0.98244     3.22081    69.63376    15.87783   988.36322     0.01267
  1200.0           16916.7     1.06114     3.29873    95.41276    11.76840  1410.67340     0.01017
  1400.0            8031.6     1.11310     3.12353    86.49197    12.68040  1522.87339     0.01141
  1600.0            8921.6     1.13709     3.09272    88.25375    12.46114  1587.42153     0.01190
  1800.0            7637.7     1.12203     3.00017    85.93485    12.46753  1771.14893     0.01571
  2000.0            6576.3     1.11680     2.92601    83.74757    12.66188  2035.66962     0.01029
  2400.0            5768.0     1.15040     2.85291    81.17076    12.78095  2491.49913     0.01034
  2800.0            4554.9     1.21604     2.77531    76.13951    13.50340  2793.43068     0.01798
  3200.0            5027.3     1.19486     2.73767    76.16409    13.48533  3173.90190     0.01970
  3600.0            4047.9     1.18677     2.64982    72.64333    13.78972  3596.50195     0.02248
  4000.0            4308.7     1.19936     2.63131    73.07494    13.51163  3909.05327     0.02980
