     0      0.0010      0.00  1.000000
     1      2.4414      2.44  1.000000
     2      4.8828      4.88  1.000000
     3      7.3242      7.32  1.000000
     4      9.7656      9.77  1.000000
     5     12.2070     12.21  1.000000
     6     14.6484     14.65  1.000000
     7     17.0898     17.09  1.000000
     8     19.5312     19.53  1.000000
     9     21.9727     21.97  1.000000
    10     24.4141     24.41  1.000000
    11     26.8555     26.86  1.000000
    12     29.2969     29.30  1.000000
    13     31.7383     31.74  1.000000
    14     34.1797     34.18  1.000000
    15     36.6211     36.62  1.000000
    16     39.0625     39.06  1.000000
    17     41.5039     41.50  1.000000
    18     43.9453     43.95  1.000000
    19     46.3867     46.39  1.000000
    20     48.8281     48.83  1.000000
    21     51.2695     51.27  1.000000
    22     53.7109     53.71  1.000000
    23     56.1523     56.15  1.000000
    24     58.5938     58.59  1.000000
    25     61.0352     61.04  1.000000
    26     63.4766     63.48  1.000000
    27     65.9180     65.92  1.000000
    28     68.3594     68.36  1.000000
    29     70.8008     70.80  1.000000
    30     73.2422     73.24  1.000000
    31     75.6836     75.68  1.000000
    32     78.1250     78.12  1.000000
    33     80.5664     80.57  1.000000
    34     83.0078     83.01  1.000000
    35     85.4492     85.45  1.000000
    36     87.8906     87.89  1.000000
    37     90.3320     90.33  1.000000
    38     92.7734     92.77  1.000000
    39     95.2148     95.21  1.000000
    40     97.6562     97.66  1.000000
    41    100.0977    100.10  1.000000
    42    102.5391    102.54  1.000000
    43    104.9805    104.98  1.000000
    44    107.4219    107.42  1.000000
    45    109.8633    109.86  1.000000
    46    112.3047    112.30  1.000000
    47    114.7461    114.75  1.000000
    48    117.1875    117.19  1.000000
    49    119.6289    119.63  1.000000
    50    122.0703    122.07  1.000000
    51    124.5117    124.51  1.000000
    52    126.9531    126.95  1.000000
    53    129.3945    129.39  1.000000
    54    131.8359    131.84  1.000000
    55    134.2773    134.28  1.000000
    56    136.7188    136.72  1.000000
    57    139.1602    139.16  1.000000
    58    141.6016    141.60  1.000000
    59    144.0430    144.04  1.000000
    60    146.4844    146.48  1.000000
    61    148.9258    148.93  1.000000
    62    151.3672    151.37  1.000000
    63    153.8086    153.81  1.000000
    64    156.2500    156.25  0.500000
    65    161.1328    161.13  0.500000
    66    166.0156    166.02  0.500000
    67    170.8984    170.90  0.500000
    68    175.7812    175.78  0.500000
    69    180.6641    180.66  0.500000
    70    185.5469    185.55  0.500000
    71    190.4297    190.43  0.500000
    72    195.3125    195.31  0.500000
    73    200.1953    200.20  0.500000
    74    205.0781    205.08  0.500000
    75    209.9609    209.96  0.500000
    76    214.8438    214.84  0.500000
    77    219.7266    219.73  0.500000
    78    224.6094    224.61  0.500000
    79    229.4922    229.49  0.500000
    80    234.3750    234.38  0.500000
    81    239.2578    239.26  0.500000
    82    244.1406    244.14  0.500000
    83    249.0234    249.02  0.500000
    84    253.9062    253.91  0.500000
    85    258.7891    258.79  0.500000
    86    263.6719    263.67  0.500000
    87    268.5547    268.55  0.500000
    88    273.4375    273.44  0.500000
    89    278.3203    278.32  0.500000
    90    283.2031    283.20  0.500000
    91    288.0859    288.09  0.500000
    92    292.9688    292.97  0.500000
    93    297.8516    297.85  0.500000
    94    302.7344    302.73  0.500000
    95    307.6172    307.62  0.500000
    96    312.5000    312.50  0.250000
    97    322.2656    322.27  0.250000
    98    332.0312    332.03  0.250000
    99    341.7969    341.80  0.250000
   100    351.5625    351.56  0.250000
   101    361.3281    361.33  0.250000
   102    371.0938    371.09  0.250000
   103    380.8594    380.86  0.250000
   104    390.6250    390.62  0.250000
   105    400.3906    400.39  0.250000
   106    410.1562    410.16  0.250000
   107    419.9219    419.92  0.250000
   108    429.6875    429.69  0.250000
   109    439.4531    439.45  0.250000
   110    449.2188    449.22  0.250000
   111    458.9844    458.98  0.250000
   112    468.7500    468.75  0.250000
   113    478.5156    478.52  0.250000
   114    488.2812    488.28  0.250000
   115    498.0469    498.05  0.250000
   116    507.8125    507.81  0.250000
   117    517.5781    517.58  0.250000
   118    527.3438    527.34  0.250000
   119    537.1094    537.11  0.250000
   120    546.8750    546.88  0.250000
   121    556.6406    556.64  0.250000
   122    566.4062    566.41  0.250000
   123    576.1719    576.17  0.250000
   124    585.9375    585.94  0.250000
   125    595.7031    595.70  0.250000
   126    605.4688    605.47  0.250000
   127    615.2344    615.23  0.250000
   128    625.0000    625.00  0.125000
   129    644.5312    644.53  0.125000
   130    664.0625    664.06  0.125000
   131    683.5938    683.59  0.125000
   132    703.1250    703.12  0.125000
   133    722.6562    722.66  0.125000
   134    742.1875    742.19  0.125000
   135    761.7188    761.72  0.125000
   136    781.2500    781.25  0.125000
   137    800.7812    800.78  0.125000
   138    820.3125    820.31  0.125000
   139    839.8438    839.84  0.125000
   140    859.3750    859.38  0.125000
   141    878.9062    878.91  0.125000
   142    898.4375    898.44  0.125000
   143    917.9688    917.97  0.125000
   144    937.5000    937.50  0.125000
   145    957.0312    957.03  0.125000
   146    976.5625    976.56  0.125000
   147    996.0938    996.09  0.125000
   148   1015.6250   1015.62  0.125000
   149   1035.1562   1035.16  0.125000
   150   1054.6875   1054.69  0.125000
   151   1074.2188   1074.22  0.125000
   152   1093.7500   1093.75  0.125000
   153   1113.2812   1113.28  0.125000
   154   1132.8125   1132.81  0.125000
   155   1152.3438   1152.34  0.125000
   156   1171.8750   1171.88  0.125000
   157   1191.4062   1191.41  0.125000
   158   1210.9375   1210.94  0.125000
   159   1230.4688   1230.47  0.125000
   160   1250.0000   1250.00  0.062500
   161   1289.0625   1289.06  0.062500
   162   1328.1250   1328.12  0.062500
   163   1367.1875   1367.19  0.062500
   164   1406.2500   1406.25  0.062500
   165   1445.3125   1445.31  0.062500
   166   1484.3750   1484.38  0.062500
   167   1523.4375   1523.44  0.062500
   168   1562.5000   1562.50  0.062500
   169   1601.5625   1601.56  0.062500
   170   1640.6250   1640.62  0.062500
   171   1679.6875   1679.69  0.062500
   172   1718.7500   1718.75  0.062500
   173   1757.8125   1757.81  0.062500
   174   1796.8750   1796.88  0.062500
   175   1835.9375   1835.94  0.062500
   176   1875.0000   1875.00  0.062500
   177   1914.0625   1914.06  0.062500
   178   1953.1250   1953.12  0.062500
   179   1992.1875   1992.19  0.062500
   180   2031.2500   2031.25  0.062500
   181   2070.3125   2070.31  0.062500
   182   2109.3750   2109.38  0.062500
   183   2148.4375   2148.44  0.062500
   184   2187.5000   2187.50  0.062500
   185   2226.5625   2226.56  0.062500
   186   2265.6250   2265.62  0.062500
   187   2304.6875   2304.69  0.062500
   188   2343.7500   2343.75  0.062500
   189   2382.8125   2382.81  0.062500
   190   2421.8750   2421.88  0.062500
   191   2460.9375   2460.94  0.062500
   192   2500.0000   2500.00  0.031250
   193   2578.1250   2578.12  0.031250
   194   2656.2500   2656.25  0.031250
   195   2734.3750   2734.38  0.031250
   196   2812.5000   2812.50  0.031250
   197   2890.6250   2890.62  0.031250
   198   2968.7500   2968.75  0.031250
   199   3046.8750   3046.88  0.031250
   200   3125.0000   3125.00  0.031250
   201   3203.1250   3203.12  0.031250
   202   3281.2500   3281.25  0.031250
   203   3359.3750   3359.38  0.031250
   204   3437.5000   3437.50  0.031250
   205   3515.6250   3515.62  0.031250
   206   3593.7500   3593.75  0.031250
   207   3671.8750   3671.88  0.031250
   208   3750.0000   3750.00  0.031250
   209   3828.1250   3828.12  0.031250
   210   3906.2500   3906.25  0.031250
   211   3984.3750   3984.38  0.031250
   212   4062.5000   4062.50  0.031250
   213   4140.6250   4140.62  0.031250
   214   4218.7500   4218.75  0.031250
   215   4296.8750   4296.88  0.031250
   216   4375.0000   4375.00  0.031250
   217   4453.1250   4453.12  0.031250
   218   4531.2500   4531.25  0.031250
   219   4609.3750   4609.38  0.031250
   220   4687.5000   4687.50  0.031250
   221   4765.6250   4765.62  0.031250
   222   4843.7500   4843.75  0.031250
   223   4921.8750   4921.88  0.031250
   224   5000.0000   5000.00  0.015625
   225   5156.2500   5156.25  0.015625
   226   5312.5000   5312.50  0.015625
   227   5468.7500   5468.75  0.015625
   228   5625.0000   5625.00  0.015625
   229   5781.2500   5781.25  0.015625
   230   5937.5000   5937.50  0.015625
   231   6093.7500   6093.75  0.015625
   232   6250.0000   6250.00  0.015625
   233   6406.2500   6406.25  0.015625
   234   6562.5000   6562.50  0.015625
   235   6718.7500   6718.75  0.015625
   236   6875.0000   6875.00  0.015625
   237   7031.2500   7031.25  0.015625
   238   7187.5000   7187.50  0.015625
   239   7343.7500   7343.75  0.015625
   240   7500.0000   7500.00  0.015625
   241   7656.2500   7656.25  0.015625
   242   7812.5000   7812.50  0.015625
   243   7968.7500   7968.75  0.015625
   244   8125.0000   8125.00  0.015625
   245   8281.2500   8281.25  0.015625
   246   8437.5000   8437.50  0.015625
   247   8593.7500   8593.75  0.015625
   248   8750.0000   8750.00  0.015625
   249   8906.2500   8906.25  0.015625
   250   9062.5000   9062.50  0.015625
   251   9218.7500   9218.75  0.015625
   252   9375.0000   9375.00  0.015625
   253   9531.2500   9531.25  0.015625
   254   9687.5000   9687.50  0.015625
   255   9843.7500   9843.75  0.015625
   256   9999.9900  9999.990  0.015625
