    50.0   1.2358933e+08    1.932801    9.173362    9.946962   25.762953   50.100000    0.000585
    75.0   2.4433675e+14    1.193517    9.968058  265.787334    8.740459   79.293944    0.000230
   100.0   4.9231570e+10    1.154639    7.659782  240.565684    7.331162  107.450424    0.000358
   125.0   7.6577744e+17    1.218562   10.779419  454.529549    1.816235  136.460641    0.001038
   150.0   1.4454912e+09    1.189671    6.644546  206.468879    8.206066  156.403868    0.001165
   175.0   7.6866940e+13    1.232022    8.547813  399.719329    0.399599  190.076178    0.002345
   200.0   1.8422347e+09    1.051911    6.266793  241.777507    5.226818  241.176577    0.001195
   250.0   1.2858363e+09    1.225811    6.195225  238.978928    5.303342  261.075551    0.001432
   300.0   7.1458592e+06    1.123595    5.032928  167.427153    8.500890  325.912659    0.002041
   350.0   2.6854110e+07    1.193176    5.217939  194.738325    6.539074  376.206164    0.002080
   400.0   4.4593440e+06    1.200693    4.815367  165.249164    8.380008  408.485098    0.002330
   500.0   3.3999733e+06    1.123648    4.572816  168.993106    7.617534  534.330653    0.003967
   600.0   3.3554580e+05    1.029330    3.969120  133.283503    9.615101  699.269944    0.005736
   700.0   5.5128708e+05    1.045390    3.996223  143.366235    8.617918  787.292442    0.005612
   800.0   2.0838230e+05    1.063312    3.781111  126.042231   10.066589  828.004589    0.007515
   900.0   1.0668437e+05    1.036959    3.579022  113.831658   10.928487  914.516514    0.008268
  1000.0   7.0430159e+04    1.000539    3.394780  108.325212   11.199917 1000.100000    0.011888
  1200.0   4.7360640e+04    1.144665    3.368677  114.162996   10.361612 1311.167830    0.012019
  1400.0   2.0259505e+04    1.141777    3.139636  103.115700   11.099089 1483.168056    0.010554
  1600.0   1.4410113e+04    1.132592    3.016246   96.619593   11.562215 1716.553110    0.016097
  1800.0   1.2909400e+04    1.138495    2.944993   94.791069   11.731307 1949.288934    0.015197
  2000.0   1.3837773e+04    1.162631    2.899717   94.311442   11.631118 2000.100000    0.021167
  2400.0   1.0995508e+04    1.139057    2.778665   87.790378   12.393105 2543.593041    0.026911
  2800.0   1.0712223e+04    1.175552    2.728401   88.164685   12.042311 2835.711977    0.031142
  3200.0   8.2802778e+03    1.163164    2.655369   83.388390   12.623648 3200.100000    0.035532
  3600.0   8.0563479e+03    1.163471    2.608664   82.227952   12.563561 3600.100000    0.049367
  4000.0   7.2008815e+03    1.172439    2.557477   78.562538   13.089461 4000.100000    0.046043
