    50.0   5.3613824e+05    1.312974    5.605834   36.408913   18.053105   53.299900    0.000104
    75.0   2.7046422e+07    1.241598    5.663207  128.887875    7.949654   79.949584    0.000347
   100.0   5.9959444e+13    1.257264    8.260188  355.819794   -1.876589  106.639248    0.000513
   125.0   1.2772166e+14    1.319391    8.206233  400.036379   -3.815366  130.350049    0.000597
   150.0   2.5385479e+15    1.396389    8.580767  496.725330   -7.273458  152.995200    0.000678
   175.0   4.7929541e+11    1.263790    6.824734  349.194097   -3.759205  185.840473    0.001684
   200.0   1.0090035e+12    1.313899    6.875672  380.553120   -5.344767  207.250152    0.000642
   250.0   5.2927442e+09    1.247732    5.751750  291.307790   -2.579474  263.978682    0.001011
   300.0   1.8099564e+08    1.115742    4.944394  240.454278   -0.955265  340.003029    0.001398
   350.0   5.8508508e+07    1.095788    4.642622  226.024890   -0.677146  399.431976    0.001473
   400.0   1.5197985e+07    1.088070    4.326951  204.269740    0.434932  451.337560    0.002360
   500.0   1.3155559e+07    1.026289    4.122835  212.457419   -1.043608  604.370318    0.003451
   600.0   4.5374645e+06    1.003158    3.827014  189.975695    0.291245  716.470825    0.004035
   700.0   1.4812410e+06    0.928966    3.414619  164.289520    1.672566  911.941108    0.005225
   800.0   9.5484877e+05    0.912698    3.240669  153.526224    2.377740 1044.762690    0.008022
   900.0   9.5205000e+05    0.919480    3.216708  154.146884    2.218953 1137.821758    0.007956
  1000.0   7.9703291e+05    0.939529    3.196175  154.207425    2.208878 1128.579405    0.009587
  1200.0   1.2038093e+06    1.082484    3.430245  180.684827    0.003800 1369.637250    0.010219
  1400.0   6.5151388e+05    1.111859    3.292927  173.539678    0.181725 1520.885929    0.009743
  1600.0   2.8678391e+05    1.097390    3.097980  152.261657    2.218013 1773.344595    0.008320
  1800.0   2.0665949e+05    1.086226    2.990296  148.053186    2.200644 2003.181370    0.011905
  2000.0   1.9873127e+05    1.088915    2.923333  144.638360    2.372651 2152.856140    0.009260
  2400.0   1.5662830e+05    1.115734    2.843183  140.873252    2.426252 2400.100000    0.017696
  2800.0   1.4375682e+05    1.085726    2.760052  137.500510    2.473178 2912.836224    0.027090
  3200.0   8.6201465e+04    1.087073    2.666733  126.515921    3.648210 3355.182783    0.023793
  3600.0   8.1239732e+04    1.085964    2.624165  122.876217    4.108851 3761.238705    0.026006
  4000.0   7.4159994e+04    1.098363    2.585781  122.638184    3.740286 4000.100000    0.043031
