      30.0000      40.0000    0.0172275
      40.0000      50.0000    0.0198411
      50.0000      60.0000    0.0227942
      60.0000      70.0000    0.0261214
      70.0000      80.0000    0.0298596
      80.0000      90.0000    0.0340475
      90.0000      100.000    0.0387258
      100.000      110.000    0.0439369
      110.000      120.000    0.0497249
      120.000      130.000    0.0561348
      130.000      140.000    0.0632127
      140.000      150.000    0.0710054
      150.000      160.000    0.0795595
      160.000      170.000    0.0889216
      170.000      180.000    0.0991373
      180.000      190.000     0.110251
      190.000      200.000     0.122303
      200.000      210.000     0.135335
      210.000      220.000     0.149382
      220.000      230.000     0.164474
      230.000      240.000     0.180640
      240.000      250.000     0.197899
      250.000      260.000     0.216265
      260.000      270.000     0.235746
      270.000      280.000     0.256340
      280.000      290.000     0.278037
      290.000      300.000     0.300818
      300.000      310.000     0.324652
      310.000      320.000     0.349501
      320.000      330.000     0.375311
      330.000      340.000     0.402021
      340.000      350.000     0.429557
      350.000      360.000     0.457833
      360.000      370.000     0.486752
      370.000      380.000     0.516206
      380.000      390.000     0.546074
      390.000      400.000     0.576229
      400.000      410.000     0.606531
      410.000      420.000     0.636832
      420.000      430.000     0.666977
      430.000      440.000     0.696805
      440.000      450.000     0.726149
      450.000      460.000     0.754840
      460.000      470.000     0.782705
      470.000      480.000     0.809572
      480.000      490.000     0.835270
      490.000      500.000     0.859633
      500.000      510.000     0.882497
      510.000      520.000     0.903707
      520.000      530.000     0.923116
      530.000      540.000     0.940588
      540.000      550.000     0.955997
      550.000      560.000     0.969233
      560.000      570.000     0.980199
      570.000      580.000     0.988813
      580.000      590.000     0.995012
      590.000      600.000     0.998751
      600.000      610.000      1.00000
      610.000      620.000     0.998751
      620.000      630.000     0.995012
      630.000      640.000     0.988813
      640.000      650.000     0.980199
      650.000      660.000     0.969233
      660.000      670.000     0.955997
      670.000      680.000     0.940588
      680.000      690.000     0.923116
      690.000      700.000     0.903707
      700.000      710.000     0.882497
      710.000      720.000     0.859633
      720.000      730.000     0.835270
      730.000      740.000     0.809572
      740.000      750.000     0.782705
      750.000      760.000     0.754840
      760.000      770.000     0.726149
      770.000      780.000     0.696805
      780.000      790.000     0.666977
      790.000      800.000     0.636832
      800.000      810.000     0.606531
      810.000      820.000     0.576229
      820.000      830.000     0.546074
      830.000      840.000     0.516206
      840.000      850.000     0.486752
      850.000      860.000     0.457833
      860.000      870.000     0.429557
      870.000      880.000     0.402021
      880.000      890.000     0.375311
      890.000      900.000     0.349501
      900.000      910.000     0.324652
      910.000      920.000     0.300818
      920.000      930.000     0.278037
      930.000      940.000     0.256340
      940.000      950.000     0.235746
      950.000      960.000     0.216265
      960.000      970.000     0.197899
      970.000      980.000     0.180640
      980.000      990.000     0.164474
      990.000      1000.00     0.149382
      1000.00      1010.00     0.135335
      1010.00      1020.00     0.122303
      1020.00      1030.00     0.110251
      1030.00      1040.00    0.0991373
      1040.00      1050.00    0.0889216
      1050.00      1060.00    0.0795595
      1060.00      1070.00    0.0710054
      1070.00      1080.00    0.0632127
      1080.00      1090.00    0.0561348
      1090.00      1100.00    0.0497249
      1100.00      1110.00    0.0439369
      1110.00      1120.00    0.0387258
      1120.00      1130.00    0.0340475
      1130.00      1140.00    0.0298596
      1140.00      1150.00    0.0261214
      1150.00      1160.00    0.0227942
      1160.00      1170.00    0.0198411
      1170.00      1180.00    0.0172275
      1180.00      1190.00    0.0149208
      1190.00      1200.00    0.0128907
      1200.00      1210.00    0.0111090
      1210.00      1220.00   0.00954966
      1220.00      1230.00   0.00818870
      1230.00      1240.00   0.00700417
      1240.00      1250.00   0.00597602
      1250.00      1260.00   0.00508607
      1260.00      1270.00   0.00431784
      1270.00      1280.00   0.00365650
      1280.00      1290.00   0.00308871
      1290.00      1300.00   0.00260259
      1300.00      1310.00   0.00218749
      1310.00      1320.00   0.00183401
      1320.00      1330.00   0.00153381
      1330.00      1340.00   0.00127955
      1340.00      1350.00   0.00106477
      1350.00      1360.00  0.000883826
      1360.00      1370.00  0.000731803
      1370.00      1380.00  0.000604415
      1380.00      1390.00  0.000497955
      1390.00      1400.00  0.000409223
      1400.00      1410.00  0.000335463
      1410.00      1420.00  0.000274310
      1420.00      1430.00  0.000223746
      1430.00      1440.00  0.000182046
      1440.00      1450.00  0.000147748
      1450.00      1460.00  0.000119613
      1460.00      1470.00  9.65934e-05
      1470.00      1480.00  7.78092e-05
      1480.00      1490.00  6.25215e-05
      1490.00      1500.00  5.01120e-05
      1500.00      1510.00  4.00653e-05
      1510.00      1520.00  3.19528e-05
      1520.00      1530.00  2.54193e-05
      1530.00      1540.00  2.01713e-05
      1540.00      1550.00  1.59668e-05
      1550.00      1560.00  1.26071e-05
      1560.00      1570.00  9.92950e-06
      1570.00      1580.00  7.80107e-06
      1580.00      1590.00  6.11357e-06
      1590.00      1600.00  4.77914e-06
      1600.00      1610.00  3.72665e-06
      1610.00      1620.00  2.89869e-06
      1620.00      1630.00  2.24906e-06
      1630.00      1640.00  1.74065e-06
      1640.00      1650.00  1.34381e-06
      1650.00      1660.00  1.03485e-06
      1660.00      1670.00  7.94939e-07
      1670.00      1680.00  6.09120e-07
      1680.00      1690.00  4.65572e-07
      1690.00      1700.00  3.54964e-07
      1700.00      1710.00  2.69958e-07
      1710.00      1720.00  2.04796e-07
      1720.00      1730.00  1.54975e-07
      1730.00      1740.00  1.16981e-07
      1740.00      1750.00  8.80817e-08
      1750.00      1760.00  6.61560e-08
      1760.00      1770.00  4.95641e-08
      1770.00      1780.00  3.70406e-08
      1780.00      1790.00  2.76124e-08
      1790.00      1800.00  2.05326e-08
      1800.00      1810.00  1.52300e-08
      1810.00      1820.00  1.12685e-08
      1820.00      1830.00  8.31671e-09
      1830.00      1840.00  6.12278e-09
      1840.00      1850.00  4.49635e-09
      1850.00      1860.00  3.29371e-09
      1860.00      1870.00  2.40672e-09
      1870.00      1880.00  1.75421e-09
      1880.00      1890.00  1.27541e-09
      1890.00      1900.00  9.24979e-10
      1900.00      1910.00  6.69159e-10
      1910.00      1920.00  4.82881e-10
      1920.00      1930.00  3.47589e-10
      1930.00      1940.00  2.49578e-10
      1940.00      1950.00  1.78756e-10
      1950.00      1960.00  1.27711e-10
      1960.00      1970.00  9.10146e-11
      1970.00      1980.00  6.47006e-11
      1980.00      1990.00  4.58796e-11
      1990.00      2000.00  3.24523e-11
      2000.00      2010.00  2.28973e-11
      2010.00      2020.00  1.61153e-11
      2020.00      2030.00  1.13138e-11
      2030.00      2040.00  7.92300e-12
      2040.00      2050.00  5.53461e-12
      2050.00      2060.00  3.85654e-12
      2060.00      2070.00  2.68055e-12
      2070.00      2080.00  1.85850e-12
      2080.00      2090.00  1.28534e-12
      2090.00      2100.00  8.86718e-13
      2100.00      2110.00  6.10194e-13
      2110.00      2120.00  4.18856e-13
      2120.00      2130.00  2.86798e-13
      2130.00      2140.00  1.95885e-13
      2140.00      2150.00  1.33457e-13
      2150.00      2160.00  9.06972e-14
      2160.00      2170.00  6.14840e-14
      2170.00      2180.00  4.15761e-14
      2180.00      2190.00  2.80440e-14
      2190.00      2200.00  1.88691e-14
      2200.00      2210.00  1.26642e-14
      2210.00      2220.00  8.47845e-15
      2220.00      2230.00  5.66199e-15
      2230.00      2240.00  3.77170e-15
      2240.00      2250.00  2.50622e-15
      2250.00      2260.00  1.66118e-15
      2260.00      2270.00  1.09831e-15
      2270.00      2280.00  7.24354e-16
      2280.00      2290.00  4.76531e-16
      2290.00      2300.00  3.12712e-16
      2300.00      2310.00  2.04697e-16
      2310.00      2320.00  1.33658e-16
      2320.00      2330.00  8.70543e-17
      2330.00      2340.00  5.65588e-17
      2340.00      2350.00  3.66543e-17
      2350.00      2360.00  2.36954e-17
      2360.00      2370.00  1.52798e-17
      2370.00      2380.00  9.82844e-18
      2380.00      2390.00  6.30619e-18
      2390.00      2400.00  4.03611e-18
      2400.00      2410.00  2.57676e-18
      2410.00      2420.00  1.64096e-18
      2420.00      2430.00  1.04241e-18
      2430.00      2440.00  6.60525e-19
      2440.00      2450.00  4.17501e-19
      2450.00      2460.00  2.63232e-19
      2460.00      2470.00  1.65552e-19
      2470.00      2480.00  1.03859e-19
      2480.00      2490.00  6.49935e-20
      2490.00      2500.00  4.05704e-20
      2500.00      2510.00  2.52616e-20
      2510.00      2520.00  1.56902e-20
      2520.00      2530.00  9.72097e-21
      2530.00      2540.00  6.00768e-21
      2540.00      2550.00  3.70354e-21
      2550.00      2560.00  2.27741e-21
      2560.00      2570.00  1.39694e-21
      2570.00      2580.00  8.54736e-22
      2580.00      2590.00  5.21673e-22
      2590.00      2600.00  3.17599e-22
      2600.00      2610.00  1.92875e-22
      2610.00      2620.00  1.16838e-22
      2620.00      2630.00  7.06008e-23
      2630.00      2640.00  4.25548e-23
      2640.00      2650.00  2.55859e-23
      2650.00      2660.00  1.53450e-23
      2660.00      2670.00  9.18016e-24
      2670.00      2680.00  5.47829e-24
      2680.00      2690.00  3.26102e-24
      2690.00      2700.00  1.93633e-24
      2700.00      2710.00  1.14688e-24
      2710.00      2720.00  6.77594e-25
      2720.00      2730.00  3.99334e-25
      2730.00      2740.00  2.34756e-25
      2740.00      2750.00  1.37662e-25
      2750.00      2760.00  8.05234e-26
      2760.00      2770.00  4.69836e-26
      2770.00      2780.00  2.73453e-26
      2780.00      2790.00  1.58758e-26
      2790.00      2800.00  9.19398e-27
      2800.00      2810.00  5.31109e-27
      2810.00      2820.00  3.06040e-27
      2820.00      2830.00  1.75909e-27
      2830.00      2840.00  1.00858e-27
      2840.00      2850.00  5.76832e-28
      2850.00      2860.00  3.29081e-28
      2860.00      2870.00  1.87270e-28
      2870.00      2880.00  1.06304e-28
      2880.00      2890.00  6.01926e-29
      2890.00      2900.00  3.39982e-29
      2900.00      2910.00  1.91548e-29
      2910.00      2920.00  1.07650e-29
      2920.00      2930.00  6.03487e-30
      2930.00      2940.00  3.37468e-30
      2940.00      2950.00  1.88241e-30
      2950.00      2960.00  1.04739e-30
      2960.00      2970.00  5.81322e-31
      2970.00      2980.00  3.21841e-31
      2980.00      2990.00  1.77738e-31
      2990.00      3000.00  9.79107e-32
      3000.00      3010.00  5.38019e-32
      3010.00      3020.00  2.94902e-32
      3020.00      3030.00  1.61240e-32
      3030.00      3040.00  8.79391e-33
      3040.00      3050.00  4.78416e-33
      3050.00      3060.00  2.59622e-33
      3060.00      3070.00  1.40539e-33
      3070.00      3080.00  7.58854e-34
      3080.00      3090.00  4.08735e-34
      3090.00      3100.00  2.19601e-34
      3100.00      3110.00  1.17691e-34
      3110.00      3120.00  6.29167e-35
      3120.00      3130.00  3.35510e-35
      3130.00      3140.00  1.78465e-35
      3140.00      3150.00  9.46941e-36
      3150.00      3160.00  5.01189e-36
      3160.00      3170.00  2.64604e-36
      3170.00      3180.00  1.39349e-36
      3180.00      3190.00  7.32027e-37
      3190.00      3200.00  3.83588e-37
      3200.00      3210.00  2.00501e-37
      3210.00      3220.00  1.04540e-37
      3220.00      3230.00  5.43703e-38
      3230.00      3240.00  2.82069e-38
      3240.00      3250.00  1.45970e-38
      3250.00      3260.00  7.53507e-39
      3260.00      3270.00  3.87994e-39
      3270.00      3280.00  1.99285e-39
      3280.00      3290.00  1.02104e-39
      3290.00      3300.00  5.21821e-40
      3300.00      3310.00  2.66021e-40
      3310.00      3320.00  1.35277e-40
      3320.00      3330.00  6.86188e-41
      3330.00      3340.00  3.47200e-41
      3340.00      3350.00  1.75246e-41
      3350.00      3360.00  8.82258e-42
      3360.00      3370.00  4.43091e-42
      3370.00      3380.00  2.21966e-42
      3380.00      3390.00  1.10843e-42
      3390.00      3400.00  5.53513e-43
      3400.00      3410.00  2.74654e-43
      3410.00      3420.00  1.35926e-43
      3420.00      3430.00  6.72623e-44
      3430.00      3440.00  3.36312e-44
      3440.00      3450.00  1.68156e-44
      3450.00      3460.00  8.40779e-45
      3460.00      3470.00  4.20390e-45
      3470.00      3480.00  1.40130e-45
      3480.00      3490.00  1.40130e-45
      3490.00      3500.00      0.00000
      3500.00      3510.00      0.00000
      3510.00      3520.00      0.00000
      3520.00      3530.00      0.00000
      3530.00      3540.00      0.00000
      3540.00      3550.00      0.00000
      3550.00      3560.00      0.00000
      3560.00      3570.00      0.00000
      3570.00      3580.00      0.00000
      3580.00      3590.00      0.00000
      3590.00      3600.00      0.00000
      3600.00      3610.00      0.00000
      3610.00      3620.00      0.00000
      3620.00      3630.00      0.00000
      3630.00      3640.00      0.00000
      3640.00      3650.00      0.00000
      3650.00      3660.00      0.00000
      3660.00      3670.00      0.00000
      3670.00      3680.00      0.00000
      3680.00      3690.00      0.00000
      3690.00      3700.00      0.00000
      3700.00      3710.00      0.00000
      3710.00      3720.00      0.00000
      3720.00      3730.00      0.00000
      3730.00      3740.00      0.00000
      3740.00      3750.00      0.00000
      3750.00      3760.00      0.00000
      3760.00      3770.00      0.00000
      3770.00      3780.00      0.00000
      3780.00      3790.00      0.00000
      3790.00      3800.00      0.00000
      3800.00      3810.00      0.00000
      3810.00      3820.00      0.00000
      3820.00      3830.00      0.00000
      3830.00      3840.00      0.00000
      3840.00      3850.00      0.00000
      3850.00      3860.00      0.00000
      3860.00      3870.00      0.00000
      3870.00      3880.00      0.00000
      3880.00      3890.00      0.00000
      3890.00      3900.00      0.00000
      3900.00      3910.00      0.00000
      3910.00      3920.00      0.00000
      3920.00      3930.00      0.00000
      3930.00      3940.00      0.00000
      3940.00      3950.00      0.00000
      3950.00      3960.00      0.00000
      3960.00      3970.00      0.00000
      3970.00      3980.00      0.00000
      3980.00      3990.00      0.00000
      3990.00      4000.00      0.00000
      4000.00      4010.00      0.00000
      4010.00      4020.00      0.00000
      4020.00      4030.00      0.00000
      4030.00      4040.00      0.00000
      4040.00      4050.00      0.00000
      4050.00      4060.00      0.00000
      4060.00      4070.00      0.00000
      4070.00      4080.00      0.00000
      4080.00      4090.00      0.00000
      4090.00      4100.00      0.00000
      4100.00      4110.00      0.00000
      4110.00      4120.00      0.00000
      4120.00      4130.00      0.00000
      4130.00      4140.00      0.00000
      4140.00      4150.00      0.00000
      4150.00      4160.00      0.00000
      4160.00      4170.00      0.00000
      4170.00      4180.00      0.00000
      4180.00      4190.00      0.00000
      4190.00      4200.00      0.00000
      4200.00      4210.00      0.00000
      4210.00      4220.00      0.00000
      4220.00      4230.00      0.00000
      4230.00      4240.00      0.00000
      4240.00      4250.00      0.00000
      4250.00      4260.00      0.00000
      4260.00      4270.00      0.00000
      4270.00      4280.00      0.00000
      4280.00      4290.00      0.00000
      4290.00      4300.00      0.00000
      4300.00      4310.00      0.00000
      4310.00      4320.00      0.00000
      4320.00      4330.00      0.00000
      4330.00      4340.00      0.00000
      4340.00      4350.00      0.00000
      4350.00      4360.00      0.00000
      4360.00      4370.00      0.00000
      4370.00      4380.00      0.00000
      4380.00      4390.00      0.00000
      4390.00      4400.00      0.00000
      4400.00      4410.00      0.00000
      4410.00      4420.00      0.00000
      4420.00      4430.00      0.00000
      4430.00      4440.00      0.00000
      4440.00      4450.00      0.00000
      4450.00      4460.00      0.00000
      4460.00      4470.00      0.00000
      4470.00      4480.00      0.00000
      4480.00      4490.00      0.00000
      4490.00      4500.00      0.00000
      4500.00      4510.00      0.00000
      4510.00      4520.00      0.00000
      4520.00      4530.00      0.00000
      4530.00      4540.00      0.00000
      4540.00      4550.00      0.00000
      4550.00      4560.00      0.00000
      4560.00      4570.00      0.00000
      4570.00      4580.00      0.00000
      4580.00      4590.00      0.00000
      4590.00      4600.00      0.00000
      4600.00      4610.00      0.00000
      4610.00      4620.00      0.00000
      4620.00      4630.00      0.00000
      4630.00      4640.00      0.00000
      4640.00      4650.00      0.00000
      4650.00      4660.00      0.00000
      4660.00      4670.00      0.00000
      4670.00      4680.00      0.00000
      4680.00      4690.00      0.00000
      4690.00      4700.00      0.00000
      4700.00      4710.00      0.00000
      4710.00      4720.00      0.00000
      4720.00      4730.00      0.00000
      4730.00      4740.00      0.00000
      4740.00      4750.00      0.00000
      4750.00      4760.00      0.00000
      4760.00      4770.00      0.00000
      4770.00      4780.00      0.00000
      4780.00      4790.00      0.00000
      4790.00      4800.00      0.00000
      4800.00      4810.00      0.00000
      4810.00      4820.00      0.00000
      4820.00      4830.00      0.00000
      4830.00      4840.00      0.00000
      4840.00      4850.00      0.00000
      4850.00      4860.00      0.00000
      4860.00      4870.00      0.00000
      4870.00      4880.00      0.00000
      4880.00      4890.00      0.00000
      4890.00      4900.00      0.00000
      4900.00      4910.00      0.00000
      4910.00      4920.00      0.00000
      4920.00      4930.00      0.00000
      4930.00      4940.00      0.00000
      4940.00      4950.00      0.00000
      4950.00      4960.00      0.00000
      4960.00      4970.00      0.00000
      4970.00      4980.00      0.00000
      4980.00      4990.00      0.00000
      4990.00      5000.00      0.00000
      5000.00      5010.00      0.00000
      5010.00      5020.00      0.00000
