      30.0000      40.0000      14.2857
      40.0000      50.0000      11.1111
      50.0000      60.0000      9.09091
      60.0000      70.0000      7.69231
      70.0000      80.0000      6.66667
      80.0000      90.0000      5.88235
      90.0000      100.000      5.26316
      100.000      110.000      4.76190
      110.000      120.000      4.34783
      120.000      130.000      4.00000
      130.000      140.000      3.70370
      140.000      150.000      3.44828
      150.000      160.000      3.22581
      160.000      170.000      3.03030
      170.000      180.000      2.85714
      180.000      190.000      2.70270
      190.000      200.000      2.56410
      200.000      210.000      2.43902
      210.000      220.000      2.32558
      220.000      230.000      2.22222
      230.000      240.000      2.12766
      240.000      250.000      2.04082
      250.000      260.000      1.96078
      260.000      270.000      1.88679
      270.000      280.000      1.81818
      280.000      290.000      1.75439
      290.000      300.000      1.69492
      300.000      310.000      1.63934
      310.000      320.000      1.58730
      320.000      330.000      1.53846
      330.000      340.000      1.49254
      340.000      350.000      1.44928
      350.000      360.000      1.40845
      360.000      370.000      1.36986
      370.000      380.000      1.33333
      380.000      390.000      1.29870
      390.000      400.000      1.26582
      400.000      410.000      1.23457
      410.000      420.000      1.20482
      420.000      430.000      1.17647
      430.000      440.000      1.14943
      440.000      450.000      1.12360
      450.000      460.000      1.09890
      460.000      470.000      1.07527
      470.000      480.000      1.05263
      480.000      490.000      1.03093
      490.000      500.000      1.01010
      500.000      510.000     0.951466
      510.000      520.000     0.862609
      520.000      530.000     0.783526
      530.000      540.000     0.712986
      540.000      550.000     0.649931
      550.000      560.000     0.593451
      560.000      570.000     0.542760
      570.000      580.000     0.497177
      580.000      590.000     0.456111
      590.000      600.000     0.419049
      600.000      610.000     0.385543
      610.000      620.000     0.355201
      620.000      630.000     0.327680
      630.000      640.000     0.302678
      640.000      650.000     0.279931
      650.000      660.000     0.259205
      660.000      670.000     0.240293
      670.000      680.000     0.223013
      680.000      690.000     0.207204
      690.000      700.000     0.192720
      700.000      710.000     0.179434
      710.000      720.000     0.167232
      720.000      730.000     0.156013
      730.000      740.000     0.145684
      740.000      750.000     0.136166
      750.000      760.000     0.127384
      760.000      770.000     0.119273
      770.000      780.000     0.111774
      780.000      790.000     0.104834
      790.000      800.000    0.0984044
      800.000      810.000    0.0924423
      810.000      820.000    0.0869084
      820.000      830.000    0.0817674
      830.000      840.000    0.0769871
      840.000      850.000    0.0725381
      850.000      860.000    0.0683942
      860.000      870.000    0.0645312
      870.000      880.000    0.0609270
      880.000      890.000    0.0575617
      890.000      900.000    0.0544170
      900.000      910.000    0.0514763
      910.000      920.000    0.0487242
      920.000      930.000    0.0461468
      930.000      940.000    0.0437313
      940.000      950.000    0.0414659
      950.000      960.000    0.0393399
      960.000      970.000    0.0373434
      970.000      980.000    0.0354672
      980.000      990.000    0.0337030
      990.000      1000.00    0.0320431
      1000.00      1010.00    0.0304803
      1010.00      1020.00    0.0290081
      1020.00      1030.00    0.0276204
      1030.00      1040.00    0.0263117
      1040.00      1050.00    0.0250766
      1050.00      1060.00    0.0239105
      1060.00      1070.00    0.0228088
      1070.00      1080.00    0.0217675
      1080.00      1090.00    0.0207827
      1090.00      1100.00    0.0198509
      1100.00      1110.00    0.0189687
      1110.00      1120.00    0.0181333
      1120.00      1130.00    0.0173415
      1130.00      1140.00    0.0165909
      1140.00      1150.00    0.0158790
      1150.00      1160.00    0.0152034
      1160.00      1170.00    0.0145620
      1170.00      1180.00    0.0139528
      1180.00      1190.00    0.0133739
      1190.00      1200.00    0.0128236
      1200.00      1210.00    0.0123003
      1210.00      1220.00    0.0118024
      1220.00      1230.00    0.0113284
      1230.00      1240.00    0.0108772
      1240.00      1250.00    0.0104473
      1250.00      1260.00    0.0100376
      1260.00      1270.00   0.00964711
      1270.00      1280.00   0.00927468
      1280.00      1290.00   0.00891938
      1290.00      1300.00   0.00858028
      1300.00      1310.00   0.00825653
      1310.00      1320.00   0.00794733
      1320.00      1330.00   0.00765192
      1330.00      1340.00   0.00736960
      1340.00      1350.00   0.00709968
      1350.00      1360.00   0.00684153
      1360.00      1370.00   0.00659457
      1370.00      1380.00   0.00635823
      1380.00      1390.00   0.00613199
      1390.00      1400.00   0.00591533
      1400.00      1410.00   0.00570780
      1410.00      1420.00   0.00550894
      1420.00      1430.00   0.00531834
      1430.00      1440.00   0.00513559
      1440.00      1450.00   0.00496033
      1450.00      1460.00   0.00479220
      1460.00      1470.00   0.00463086
      1470.00      1480.00   0.00447600
      1480.00      1490.00   0.00432731
      1490.00      1500.00   0.00418450
      1500.00      1510.00   0.00404732
      1510.00      1520.00   0.00391550
      1520.00      1530.00   0.00378879
      1530.00      1540.00   0.00366698
      1540.00      1550.00   0.00354983
      1550.00      1560.00   0.00343715
      1560.00      1570.00   0.00332873
      1570.00      1580.00   0.00322439
      1580.00      1590.00   0.00312395
      1590.00      1600.00   0.00302724
      1600.00      1610.00   0.00293410
      1610.00      1620.00   0.00284438
      1620.00      1630.00   0.00275793
      1630.00      1640.00   0.00267461
      1640.00      1650.00   0.00259430
      1650.00      1660.00   0.00251687
      1660.00      1670.00   0.00244219
      1670.00      1680.00   0.00237015
      1680.00      1690.00   0.00230065
      1690.00      1700.00   0.00223358
      1700.00      1710.00   0.00216884
      1710.00      1720.00   0.00210634
      1720.00      1730.00   0.00204599
      1730.00      1740.00   0.00198771
      1740.00      1750.00   0.00193140
      1750.00      1760.00   0.00187700
      1760.00      1770.00   0.00182443
      1770.00      1780.00   0.00177361
      1780.00      1790.00   0.00172448
      1790.00      1800.00   0.00167698
      1800.00      1810.00   0.00163104
      1810.00      1820.00   0.00158660
      1820.00      1830.00   0.00154360
      1830.00      1840.00   0.00150200
      1840.00      1850.00   0.00146173
      1850.00      1860.00   0.00142276
      1860.00      1870.00   0.00138502
      1870.00      1880.00   0.00134848
      1880.00      1890.00   0.00131309
      1890.00      1900.00   0.00127880
      1900.00      1910.00   0.00124559
      1910.00      1920.00   0.00121341
      1920.00      1930.00   0.00118221
      1930.00      1940.00   0.00115198
      1940.00      1950.00   0.00112267
      1950.00      1960.00   0.00109425
      1960.00      1970.00   0.00106669
      1970.00      1980.00   0.00103995
      1980.00      1990.00   0.00101402
      1990.00      2000.00  0.000988862
      2000.00      2010.00  0.000964446
      2010.00      2020.00  0.000940751
      2020.00      2030.00  0.000917751
      2030.00      2040.00  0.000895422
      2040.00      2050.00  0.000873742
      2050.00      2060.00  0.000852689
      2060.00      2070.00  0.000832242
      2070.00      2080.00  0.000812380
      2080.00      2090.00  0.000793085
      2090.00      2100.00  0.000774337
      2100.00      2110.00  0.000756118
      2110.00      2120.00  0.000738411
      2120.00      2130.00  0.000721199
      2130.00      2140.00  0.000704467
      2140.00      2150.00  0.000688198
      2150.00      2160.00  0.000672378
      2160.00      2170.00  0.000656993
      2170.00      2180.00  0.000642028
      2180.00      2190.00  0.000627470
      2190.00      2200.00  0.000613306
      2200.00      2210.00  0.000599525
      2210.00      2220.00  0.000586113
      2220.00      2230.00  0.000573060
      2230.00      2240.00  0.000560354
      2240.00      2250.00  0.000547985
      2250.00      2260.00  0.000535941
      2260.00      2270.00  0.000524214
      2270.00      2280.00  0.000512794
      2280.00      2290.00  0.000501671
      2290.00      2300.00  0.000490836
      2300.00      2310.00  0.000480281
      2310.00      2320.00  0.000469997
      2320.00      2330.00  0.000459976
      2330.00      2340.00  0.000450210
      2340.00      2350.00  0.000440693
      2350.00      2360.00  0.000431415
      2360.00      2370.00  0.000422371
      2370.00      2380.00  0.000413554
      2380.00      2390.00  0.000404956
      2390.00      2400.00  0.000396572
      2400.00      2410.00  0.000388396
      2410.00      2420.00  0.000380421
      2420.00      2430.00  0.000372642
      2430.00      2440.00  0.000365052
      2440.00      2450.00  0.000357648
      2450.00      2460.00  0.000350423
      2460.00      2470.00  0.000343372
      2470.00      2480.00  0.000336492
      2480.00      2490.00  0.000329775
      2490.00      2500.00  0.000323219
      2500.00      2510.00  0.000316819
      2510.00      2520.00  0.000310570
      2520.00      2530.00  0.000304469
      2530.00      2540.00  0.000298511
      2540.00      2550.00  0.000292692
      2550.00      2560.00  0.000287009
      2560.00      2570.00  0.000281458
      2570.00      2580.00  0.000276035
      2580.00      2590.00  0.000270737
      2590.00      2600.00  0.000265560
      2600.00      2610.00  0.000260502
      2610.00      2620.00  0.000255559
      2620.00      2630.00  0.000250728
      2630.00      2640.00  0.000246007
      2640.00      2650.00  0.000241391
      2650.00      2660.00  0.000236879
      2660.00      2670.00  0.000232468
      2670.00      2680.00  0.000228156
      2680.00      2690.00  0.000223938
      2690.00      2700.00  0.000219814
      2700.00      2710.00  0.000215781
      2710.00      2720.00  0.000211837
      2720.00      2730.00  0.000207978
      2730.00      2740.00  0.000204204
      2740.00      2750.00  0.000200511
      2750.00      2760.00  0.000196898
      2760.00      2770.00  0.000193363
      2770.00      2780.00  0.000189904
      2780.00      2790.00  0.000186519
      2790.00      2800.00  0.000183207
      2800.00      2810.00  0.000179964
      2810.00      2820.00  0.000176790
      2820.00      2830.00  0.000173683
      2830.00      2840.00  0.000170642
      2840.00      2850.00  0.000167664
      2850.00      2860.00  0.000164748
      2860.00      2870.00  0.000161893
      2870.00      2880.00  0.000159097
      2880.00      2890.00  0.000156358
      2890.00      2900.00  0.000153676
      2900.00      2910.00  0.000151050
      2910.00      2920.00  0.000148476
      2920.00      2930.00  0.000145956
      2930.00      2940.00  0.000143486
      2940.00      2950.00  0.000141066
      2950.00      2960.00  0.000138696
      2960.00      2970.00  0.000136372
      2970.00      2980.00  0.000134096
      2980.00      2990.00  0.000131865
      2990.00      3000.00  0.000129678
      3000.00      3010.00  0.000127534
      3010.00      3020.00  0.000125433
      3020.00      3030.00  0.000123374
      3030.00      3040.00  0.000121355
      3040.00      3050.00  0.000119375
      3050.00      3060.00  0.000117434
      3060.00      3070.00  0.000115531
      3070.00      3080.00  0.000113664
      3080.00      3090.00  0.000111834
      3090.00      3100.00  0.000110039
      3100.00      3110.00  0.000108278
      3110.00      3120.00  0.000106552
      3120.00      3130.00  0.000104858
      3130.00      3140.00  0.000103196
      3140.00      3150.00  0.000101566
      3150.00      3160.00  9.99662e-05
      3160.00      3170.00  9.83969e-05
      3170.00      3180.00  9.68571e-05
      3180.00      3190.00  9.53461e-05
      3190.00      3200.00  9.38633e-05
      3200.00      3210.00  9.24081e-05
      3210.00      3220.00  9.09798e-05
      3220.00      3230.00  8.95780e-05
      3230.00      3240.00  8.82020e-05
      3240.00      3250.00  8.68514e-05
      3250.00      3260.00  8.55254e-05
      3260.00      3270.00  8.42236e-05
      3270.00      3280.00  8.29456e-05
      3280.00      3290.00  8.16908e-05
      3290.00      3300.00  8.04587e-05
      3300.00      3310.00  7.92488e-05
      3310.00      3320.00  7.80607e-05
      3320.00      3330.00  7.68939e-05
      3330.00      3340.00  7.57479e-05
      3340.00      3350.00  7.46224e-05
      3350.00      3360.00  7.35169e-05
      3360.00      3370.00  7.24310e-05
      3370.00      3380.00  7.13643e-05
      3380.00      3390.00  7.03164e-05
      3390.00      3400.00  6.92869e-05
      3400.00      3410.00  6.82754e-05
      3410.00      3420.00  6.72816e-05
      3420.00      3430.00  6.63051e-05
      3430.00      3440.00  6.53456e-05
      3440.00      3450.00  6.44027e-05
      3450.00      3460.00  6.34760e-05
      3460.00      3470.00  6.25653e-05
      3470.00      3480.00  6.16703e-05
      3480.00      3490.00  6.07906e-05
      3490.00      3500.00  5.99258e-05
      3500.00      3510.00  5.90758e-05
      3510.00      3520.00  5.82403e-05
      3520.00      3530.00  5.74188e-05
      3530.00      3540.00  5.66113e-05
      3540.00      3550.00  5.58173e-05
      3550.00      3560.00  5.50366e-05
      3560.00      3570.00  5.42691e-05
      3570.00      3580.00  5.35143e-05
      3580.00      3590.00  5.27721e-05
      3590.00      3600.00  5.20422e-05
      3600.00      3610.00  5.13244e-05
      3610.00      3620.00  5.06184e-05
      3620.00      3630.00  4.99241e-05
      3630.00      3640.00  4.92411e-05
      3640.00      3650.00  4.85694e-05
      3650.00      3660.00  4.79086e-05
      3660.00      3670.00  4.72585e-05
      3670.00      3680.00  4.66190e-05
      3680.00      3690.00  4.59899e-05
      3690.00      3700.00  4.53709e-05
      3700.00      3710.00  4.47619e-05
      3710.00      3720.00  4.41627e-05
      3720.00      3730.00  4.35731e-05
      3730.00      3740.00  4.29929e-05
      3740.00      3750.00  4.24220e-05
      3750.00      3760.00  4.18601e-05
      3760.00      3770.00  4.13071e-05
      3770.00      3780.00  4.07629e-05
      3780.00      3790.00  4.02273e-05
      3790.00      3800.00  3.97001e-05
      3800.00      3810.00  3.91811e-05
      3810.00      3820.00  3.86703e-05
      3820.00      3830.00  3.81674e-05
      3830.00      3840.00  3.76724e-05
      3840.00      3850.00  3.71850e-05
      3850.00      3860.00  3.67052e-05
      3860.00      3870.00  3.62329e-05
      3870.00      3880.00  3.57677e-05
      3880.00      3890.00  3.53098e-05
      3890.00      3900.00  3.48588e-05
      3900.00      3910.00  3.44148e-05
      3910.00      3920.00  3.39775e-05
      3920.00      3930.00  3.35469e-05
      3930.00      3940.00  3.31227e-05
      3940.00      3950.00  3.27051e-05
      3950.00      3960.00  3.22937e-05
      3960.00      3970.00  3.18885e-05
      3970.00      3980.00  3.14894e-05
      3980.00      3990.00  3.10963e-05
      3990.00      4000.00  3.07090e-05
      4000.00      4010.00  3.03276e-05
      4010.00      4020.00  2.99518e-05
      4020.00      4030.00  2.95815e-05
      4030.00      4040.00  2.92168e-05
      4040.00      4050.00  2.88574e-05
      4050.00      4060.00  2.85033e-05
      4060.00      4070.00  2.81545e-05
      4070.00      4080.00  2.78107e-05
      4080.00      4090.00  2.74720e-05
      4090.00      4100.00  2.71382e-05
      4100.00      4110.00  2.68092e-05
      4110.00      4120.00  2.64851e-05
      4120.00      4130.00  2.61656e-05
      4130.00      4140.00  2.58507e-05
      4140.00      4150.00  2.55404e-05
      4150.00      4160.00  2.52345e-05
      4160.00      4170.00  2.49330e-05
      4170.00      4180.00  2.46358e-05
      4180.00      4190.00  2.43429e-05
      4190.00      4200.00  2.40542e-05
      4200.00      4210.00  2.37695e-05
      4210.00      4220.00  2.34889e-05
      4220.00      4230.00  2.32122e-05
      4230.00      4240.00  2.29394e-05
      4240.00      4250.00  2.26705e-05
      4250.00      4260.00  2.24054e-05
      4260.00      4270.00  2.21439e-05
      4270.00      4280.00  2.18861e-05
      4280.00      4290.00  2.16320e-05
      4290.00      4300.00  2.13813e-05
      4300.00      4310.00  2.11341e-05
      4310.00      4320.00  2.08904e-05
      4320.00      4330.00  2.06500e-05
      4330.00      4340.00  2.04129e-05
      4340.00      4350.00  2.01791e-05
      4350.00      4360.00  1.99485e-05
      4360.00      4370.00  1.97210e-05
      4370.00      4380.00  1.94966e-05
      4380.00      4390.00  1.92753e-05
      4390.00      4400.00  1.90570e-05
      4400.00      4410.00  1.88417e-05
      4410.00      4420.00  1.86293e-05
      4420.00      4430.00  1.84197e-05
      4430.00      4440.00  1.82130e-05
      4440.00      4450.00  1.80091e-05
      4450.00      4460.00  1.78079e-05
      4460.00      4470.00  1.76093e-05
      4470.00      4480.00  1.74135e-05
      4480.00      4490.00  1.72202e-05
      4490.00      4500.00  1.70295e-05
      4500.00      4510.00  1.68413e-05
      4510.00      4520.00  1.66556e-05
      4520.00      4530.00  1.64724e-05
      4530.00      4540.00  1.62916e-05
      4540.00      4550.00  1.61132e-05
      4550.00      4560.00  1.59371e-05
      4560.00      4570.00  1.57633e-05
      4570.00      4580.00  1.55917e-05
      4580.00      4590.00  1.54224e-05
      4590.00      4600.00  1.52554e-05
      4600.00      4610.00  1.50904e-05
      4610.00      4620.00  1.49277e-05
      4620.00      4630.00  1.47670e-05
      4630.00      4640.00  1.46084e-05
      4640.00      4650.00  1.44518e-05
      4650.00      4660.00  1.42972e-05
      4660.00      4670.00  1.41446e-05
      4670.00      4680.00  1.39940e-05
      4680.00      4690.00  1.38453e-05
      4690.00      4700.00  1.36985e-05
      4700.00      4710.00  1.35535e-05
      4710.00      4720.00  1.34104e-05
      4720.00      4730.00  1.32691e-05
      4730.00      4740.00  1.31296e-05
      4740.00      4750.00  1.29918e-05
      4750.00      4760.00  1.28557e-05
      4760.00      4770.00  1.27214e-05
      4770.00      4780.00  1.25888e-05
      4780.00      4790.00  1.24578e-05
      4790.00      4800.00  1.23284e-05
      4800.00      4810.00  1.22007e-05
      4810.00      4820.00  1.20745e-05
      4820.00      4830.00  1.19499e-05
      4830.00      4840.00  1.18268e-05
      4840.00      4850.00  1.17053e-05
      4850.00      4860.00  1.15852e-05
      4860.00      4870.00  1.14666e-05
      4870.00      4880.00  1.13495e-05
      4880.00      4890.00  1.12338e-05
      4890.00      4900.00  1.11195e-05
      4900.00      4910.00  1.10066e-05
      4910.00      4920.00  1.08951e-05
      4920.00      4930.00  1.07850e-05
      4930.00      4940.00  1.06761e-05
      4940.00      4950.00  1.05686e-05
      4950.00      4960.00  1.04624e-05
      4960.00      4970.00  1.03575e-05
      4970.00      4980.00  1.02538e-05
      4980.00      4990.00  1.01514e-05
      4990.00      5000.00  1.00502e-05
      5000.00      5010.00  9.95015e-06
      5010.00      5020.00  9.85134e-06
