#Electron Signals, beams incident through Foil side
#Einc(keV)     EffOpenChs1-12     EffOpen-ThickChs1-2     EffThickCh1     EffFoilChs1-12     EffFoil-ThickChs1-3     EffFTOChs1-2
#--------------------------------------------------------------------------------------------------------------------------------
   20  0.000000  0.000000  0.000000  0.000000  0.000000  0.000000  0.000000  0.000000  0.000000  0.000000  0.000000  0.000000  0.000000  0.000000  0.000000  0.000000  0.000000  0.000000  0.000000  0.000000  0.000000  0.000000  0.000000  0.000000  0.000000  0.000000  0.000000  0.000000  0.000000  0.000000  0.000000  0.000000
   22  0.000000  0.000000  0.000000  0.000000  0.000000  0.000000  0.000000  0.000000  0.000000  0.000000  0.000000  0.000000  0.000000  0.000000  0.000000  0.000000  0.000000  0.000000  0.000000  0.000000  0.000000  0.000000  0.000000  0.000000  0.000000  0.000000  0.000000  0.000000  0.000000  0.000000  0.000000  0.000000
   24  0.000000  0.000000  0.000000  0.000000  0.000000  0.000000  0.000000  0.000000  0.000000  0.000000  0.000000  0.000000  0.000000  0.000000  0.000000  0.015400  0.000000  0.000000  0.000000  0.000000  0.000000  0.000000  0.000000  0.000000  0.000000  0.000000  0.000000  0.000000  0.000000  0.000000  0.000000  0.000000
   26  0.000400  0.000000  0.000000  0.000000  0.000000  0.000000  0.000000  0.000000  0.000000  0.000000  0.000000  0.000000  0.000000  0.000000  0.000000  0.125600  0.000000  0.000000  0.000000  0.000000  0.000000  0.000000  0.000000  0.000000  0.000000  0.000000  0.000000  0.000000  0.000000  0.000000  0.000000  0.000000
   28  0.000000  0.000000  0.000000  0.000000  0.000000  0.000000  0.000000  0.000000  0.000000  0.000000  0.000000  0.000000  0.000000  0.000000  0.000000  0.244000  0.000000  0.000000  0.000000  0.000000  0.000000  0.000000  0.000000  0.000000  0.000000  0.000000  0.000000  0.000000  0.000000  0.000000  0.000000  0.000000
   30  0.000200  0.000000  0.000000  0.000000  0.000000  0.000000  0.000000  0.000000  0.000000  0.000000  0.000000  0.000000  0.000000  0.000000  0.000000  0.339400  0.000000  0.000000  0.000000  0.000000  0.000000  0.000000  0.000000  0.000000  0.000000  0.000000  0.000000  0.000000  0.000000  0.000000  0.000000  0.000000
   32  0.000200  0.000000  0.000000  0.000000  0.000000  0.000000  0.000000  0.000000  0.000000  0.000000  0.000000  0.000000  0.000000  0.000000  0.000000  0.384000  0.000000  0.000000  0.000000  0.000000  0.000000  0.000000  0.000000  0.000000  0.000000  0.000000  0.000000  0.000000  0.000000  0.000000  0.000000  0.000000
   34  0.000200  0.000000  0.000000  0.000000  0.000000  0.000000  0.000000  0.000000  0.000000  0.000000  0.000000  0.000000  0.000000  0.000000  0.000000  0.355200  0.064600  0.000000  0.000000  0.000000  0.000000  0.000000  0.000000  0.000000  0.000000  0.000000  0.000000  0.000000  0.000000  0.000000  0.000000  0.000000
   36  0.000000  0.000000  0.000000  0.000000  0.000000  0.000000  0.000000  0.000000  0.000000  0.000000  0.000000  0.000000  0.000000  0.000000  0.000000  0.163200  0.297000  0.000000  0.000000  0.000000  0.000000  0.000000  0.000000  0.000000  0.000000  0.000000  0.000000  0.000000  0.000000  0.000000  0.000000  0.000000
   38  0.000000  0.000200  0.000000  0.000000  0.000000  0.000000  0.000000  0.000000  0.000000  0.000000  0.000000  0.000000  0.000000  0.000000  0.000000  0.060600  0.428000  0.000000  0.000000  0.000000  0.000000  0.000000  0.000000  0.000000  0.000000  0.000000  0.000000  0.000000  0.000000  0.000000  0.000000  0.000000
   38  0.000000  0.000000  0.000000  0.000000  0.000000  0.000000  0.000000  0.000000  0.000000  0.000000  0.000000  0.000000  0.000000  0.000000  0.000000  0.054000  0.445000  0.000000  0.000000  0.000000  0.000000  0.000000  0.000000  0.000000  0.000000  0.000000  0.000000  0.000000  0.000000  0.000000  0.000000  0.000000
   39  0.000200  0.000400  0.000000  0.000000  0.000000  0.000000  0.000000  0.000000  0.000000  0.000000  0.000000  0.000000  0.000000  0.000000  0.000000  0.043400  0.478600  0.000000  0.000000  0.000000  0.000000  0.000000  0.000000  0.000000  0.000000  0.000000  0.000000  0.000000  0.000000  0.000000  0.000000  0.000000
   40  0.000200  0.000400  0.000000  0.000000  0.000000  0.000000  0.000000  0.000000  0.000000  0.000000  0.000000  0.000000  0.000000  0.000000  0.000000  0.046600  0.485200  0.000000  0.000000  0.000000  0.000000  0.000000  0.000000  0.000000  0.000000  0.000000  0.000000  0.000000  0.000000  0.000000  0.000000  0.000000
   40  0.000000  0.000400  0.000000  0.000000  0.000000  0.000000  0.000000  0.000000  0.000000  0.000000  0.000000  0.000000  0.000000  0.000000  0.000000  0.040000  0.498400  0.000000  0.000000  0.000000  0.000000  0.000000  0.000000  0.000000  0.000000  0.000000  0.000000  0.000000  0.000000  0.000000  0.000000  0.000000
   40  0.000000  0.000000  0.000000  0.000000  0.000000  0.000000  0.000000  0.000000  0.000000  0.000000  0.000000  0.000000  0.000000  0.000000  0.000000  0.037600  0.507800  0.000000  0.000000  0.000000  0.000000  0.000000  0.000000  0.000000  0.000000  0.000000  0.000000  0.000000  0.000000  0.000000  0.000000  0.000000
   41  0.000000  0.000400  0.000000  0.000000  0.000000  0.000000  0.000000  0.000000  0.000000  0.000000  0.000000  0.000000  0.000000  0.000000  0.000000  0.037600  0.504400  0.000000  0.000000  0.000000  0.000000  0.000000  0.000000  0.000000  0.000000  0.000000  0.000000  0.000000  0.000000  0.000000  0.000000  0.000000
   42  0.000000  0.000600  0.000000  0.000000  0.000000  0.000000  0.000000  0.000000  0.000000  0.000000  0.000000  0.000000  0.000000  0.000000  0.000000  0.031800  0.529000  0.000000  0.000000  0.000000  0.000000  0.000000  0.000000  0.000000  0.000000  0.000000  0.000000  0.000000  0.000000  0.000000  0.000000  0.000000
   42  0.000000  0.000200  0.000000  0.000000  0.000000  0.000000  0.000000  0.000000  0.000000  0.000000  0.000000  0.000000  0.000000  0.000000  0.000000  0.031800  0.543000  0.000000  0.000000  0.000000  0.000000  0.000000  0.000000  0.000000  0.000000  0.000000  0.000000  0.000000  0.000000  0.000000  0.000000  0.000000
   44  0.000000  0.000200  0.000000  0.000000  0.000000  0.000000  0.000000  0.000000  0.000000  0.000000  0.000000  0.000000  0.000000  0.000000  0.000000  0.036200  0.504600  0.052000  0.000000  0.000000  0.000000  0.000000  0.000000  0.000000  0.000000  0.000000  0.000000  0.000000  0.000000  0.000000  0.000000  0.000000
   46  0.000000  0.000000  0.000000  0.000000  0.000000  0.000000  0.000000  0.000000  0.000000  0.000000  0.000000  0.000000  0.000000  0.000000  0.000000  0.036000  0.198600  0.395600  0.000000  0.000000  0.000000  0.000000  0.000000  0.000000  0.000000  0.000000  0.000000  0.000000  0.000000  0.000000  0.000000  0.000000
   48  0.000000  0.000000  0.000200  0.000000  0.000000  0.000000  0.000000  0.000000  0.000000  0.000000  0.000000  0.000000  0.000000  0.000000  0.000000  0.041800  0.063600  0.549400  0.000000  0.000000  0.000000  0.000000  0.000000  0.000000  0.000000  0.000000  0.000000  0.000000  0.000000  0.000000  0.000000  0.000000
   48  0.000000  0.000000  0.000000  0.000000  0.000000  0.000000  0.000000  0.000000  0.000000  0.000000  0.000000  0.000000  0.000000  0.000000  0.000000  0.033400  0.051000  0.581400  0.000000  0.000000  0.000000  0.000000  0.000000  0.000000  0.000000  0.000000  0.000000  0.000000  0.000000  0.000000  0.000000  0.000000
   49  0.000000  0.000000  0.000400  0.000000  0.000000  0.000000  0.000000  0.000000  0.000000  0.000000  0.000000  0.000000  0.000000  0.000000  0.000000  0.035800  0.044000  0.583400  0.000000  0.000000  0.000000  0.000000  0.000000  0.000000  0.000000  0.000000  0.000000  0.000000  0.000000  0.000000  0.000000  0.000000
   50  0.000000  0.000200  0.000000  0.000000  0.000000  0.000000  0.000000  0.000000  0.000000  0.000000  0.000000  0.000000  0.000000  0.000000  0.000000  0.037000  0.038000  0.606000  0.000000  0.000000  0.000000  0.000000  0.000000  0.000000  0.000000  0.000000  0.000000  0.000000  0.000000  0.000000  0.000000  0.000000
   50  0.000000  0.000000  0.000000  0.000000  0.000000  0.000000  0.000000  0.000000  0.000000  0.000000  0.000000  0.000000  0.000000  0.000000  0.000000  0.042200  0.030200  0.589400  0.000000  0.000000  0.000000  0.000000  0.000000  0.000000  0.000000  0.000000  0.000000  0.000000  0.000000  0.000000  0.000000  0.000000
   50  0.000000  0.000000  0.000200  0.000000  0.000000  0.000000  0.000000  0.000000  0.000000  0.000000  0.000000  0.000000  0.000000  0.000000  0.000000  0.035600  0.028600  0.608600  0.000000  0.000000  0.000000  0.000000  0.000000  0.000000  0.000000  0.000000  0.000000  0.000000  0.000000  0.000000  0.000000  0.000000
   51  0.000000  0.000000  0.000000  0.000000  0.000000  0.000000  0.000000  0.000000  0.000000  0.000000  0.000000  0.000000  0.000000  0.000000  0.000000  0.037000  0.025800  0.621000  0.000000  0.000000  0.000000  0.000000  0.000000  0.000000  0.000000  0.000000  0.000000  0.000000  0.000000  0.000000  0.000000  0.000000
   52  0.000000  0.000200  0.000000  0.000000  0.000000  0.000000  0.000000  0.000000  0.000000  0.000000  0.000000  0.000000  0.000000  0.000000  0.000000  0.037000  0.028800  0.628000  0.000000  0.000000  0.000000  0.000000  0.000000  0.000000  0.000000  0.000000  0.000000  0.000000  0.000000  0.000000  0.000000  0.000000
   52  0.000000  0.000000  0.000600  0.000000  0.000000  0.000000  0.000000  0.000000  0.000000  0.000000  0.000000  0.000000  0.000000  0.000000  0.000000  0.037200  0.024000  0.628600  0.000000  0.000000  0.000000  0.000000  0.000000  0.000000  0.000000  0.000000  0.000000  0.000000  0.000000  0.000000  0.000000  0.000000
   52  0.000000  0.000000  0.000000  0.000000  0.000000  0.000000  0.000000  0.000000  0.000000  0.000000  0.000000  0.000000  0.000000  0.000000  0.000000  0.039800  0.025000  0.620000  0.000000  0.000000  0.000000  0.000000  0.000000  0.000000  0.000000  0.000000  0.000000  0.000000  0.000000  0.000000  0.000000  0.000000
   53  0.000000  0.000000  0.000000  0.000000  0.000000  0.000000  0.000000  0.000000  0.000000  0.000000  0.000000  0.000000  0.000000  0.000000  0.000000  0.039600  0.025800  0.630600  0.000000  0.000000  0.000000  0.000000  0.000000  0.000000  0.000000  0.000000  0.000000  0.000000  0.000000  0.000000  0.000000  0.000000
   54  0.000000  0.000000  0.000200  0.000000  0.000000  0.000000  0.000000  0.000000  0.000000  0.000000  0.000000  0.000000  0.000000  0.000000  0.000000  0.039200  0.024800  0.645400  0.000000  0.000000  0.000000  0.000000  0.000000  0.000000  0.000000  0.000000  0.000000  0.000000  0.000000  0.000000  0.000000  0.000000
   54  0.000000  0.000200  0.000200  0.000000  0.000000  0.000000  0.000000  0.000000  0.000000  0.000000  0.000000  0.000000  0.000000  0.000000  0.000000  0.043400  0.024000  0.647200  0.000000  0.000000  0.000000  0.000000  0.000000  0.000000  0.000000  0.000000  0.000000  0.000000  0.000000  0.000000  0.000000  0.000000
   55  0.000000  0.000000  0.000000  0.000000  0.000000  0.000000  0.000000  0.000000  0.000000  0.000000  0.000000  0.000000  0.000000  0.000000  0.000000  0.039000  0.023000  0.659000  0.000000  0.000000  0.000000  0.000000  0.000000  0.000000  0.000000  0.000000  0.000000  0.000000  0.000000  0.000000  0.000000  0.000000
   60  0.000000  0.000000  0.000000  0.000000  0.000000  0.000000  0.000000  0.000000  0.000000  0.000000  0.000000  0.000000  0.000000  0.000000  0.000200  0.044200  0.029000  0.054800  0.634200  0.000000  0.000000  0.000000  0.000000  0.000000  0.000000  0.000000  0.000000  0.000000  0.000000  0.000000  0.000000  0.000000
   60  0.000000  0.000000  0.000000  0.000200  0.000000  0.000000  0.000000  0.000000  0.000000  0.000000  0.000000  0.000000  0.000000  0.000000  0.000000  0.044200  0.025600  0.051800  0.644200  0.000000  0.000000  0.000000  0.000000  0.000000  0.000000  0.000000  0.000000  0.000000  0.000000  0.000000  0.000000  0.000000
   61  0.000000  0.000000  0.000000  0.000000  0.000000  0.000000  0.000000  0.000000  0.000000  0.000000  0.000000  0.000000  0.000000  0.000000  0.000000  0.048600  0.026800  0.041200  0.655400  0.000000  0.000000  0.000000  0.000000  0.000000  0.000000  0.000000  0.000000  0.000000  0.000000  0.000000  0.000000  0.000000
   62  0.000000  0.000000  0.000000  0.000000  0.000000  0.000000  0.000000  0.000000  0.000000  0.000000  0.000000  0.000000  0.000000  0.000000  0.000000  0.039800  0.021600  0.034400  0.662400  0.000000  0.000000  0.000000  0.000000  0.000000  0.000000  0.000000  0.000000  0.000000  0.000000  0.000000  0.000000  0.000000
   62  0.000000  0.000000  0.000000  0.000000  0.000000  0.000000  0.000000  0.000000  0.000000  0.000000  0.000000  0.000000  0.000000  0.000000  0.000000  0.040200  0.026000  0.030200  0.682800  0.000000  0.000000  0.000000  0.000000  0.000000  0.000000  0.000000  0.000000  0.000000  0.000000  0.000000  0.000000  0.000000
   62  0.000000  0.000000  0.000000  0.000000  0.000000  0.000000  0.000000  0.000000  0.000000  0.000000  0.000000  0.000000  0.000000  0.000000  0.000000  0.038800  0.027400  0.029800  0.699000  0.000000  0.000000  0.000000  0.000000  0.000000  0.000000  0.000000  0.000000  0.000000  0.000000  0.000000  0.000000  0.000000
   63  0.000000  0.000000  0.000000  0.000000  0.000000  0.000000  0.000000  0.000000  0.000000  0.000000  0.000000  0.000000  0.000000  0.000000  0.000000  0.042400  0.027400  0.030600  0.689800  0.000000  0.000000  0.000000  0.000000  0.000000  0.000000  0.000000  0.000000  0.000000  0.000000  0.000000  0.000000  0.000000
   64  0.000000  0.000000  0.000000  0.000000  0.000000  0.000000  0.000000  0.000000  0.000000  0.000000  0.000000  0.000000  0.000000  0.000000  0.000000  0.044600  0.028000  0.025000  0.698600  0.000000  0.000000  0.000000  0.000000  0.000000  0.000000  0.000000  0.000000  0.000000  0.000000  0.000000  0.000000  0.000000
   64  0.000000  0.000000  0.000000  0.000200  0.000000  0.000000  0.000000  0.000000  0.000000  0.000000  0.000000  0.000000  0.000000  0.000000  0.000000  0.037200  0.027800  0.022000  0.704000  0.000000  0.000000  0.000000  0.000000  0.000000  0.000000  0.000000  0.000000  0.000000  0.000000  0.000000  0.000000  0.000000
   64  0.000000  0.000000  0.000000  0.000000  0.000000  0.000000  0.000000  0.000000  0.000000  0.000000  0.000000  0.000000  0.000000  0.000000  0.000000  0.038600  0.029200  0.021800  0.718400  0.000000  0.000000  0.000000  0.000000  0.000000  0.000000  0.000000  0.000000  0.000000  0.000000  0.000000  0.000000  0.000000
   65  0.000000  0.000000  0.000000  0.000000  0.000000  0.000000  0.000000  0.000000  0.000000  0.000000  0.000000  0.000000  0.000000  0.000000  0.000000  0.037400  0.029400  0.024600  0.717200  0.000000  0.000000  0.000000  0.000000  0.000000  0.000000  0.000000  0.000000  0.000000  0.000000  0.000000  0.000000  0.000000
   70  0.000000  0.000000  0.000000  0.000000  0.000000  0.000000  0.000000  0.000000  0.000000  0.000000  0.000000  0.000000  0.000000  0.000000  0.000000  0.041200  0.034400  0.021000  0.740400  0.000000  0.000000  0.000000  0.000000  0.000000  0.000000  0.000000  0.000000  0.000000  0.000000  0.000000  0.000000  0.000000
   75  0.000000  0.000000  0.000000  0.000000  0.000000  0.000000  0.000000  0.000000  0.000000  0.000000  0.000000  0.000000  0.000000  0.000000  0.000000  0.046000  0.030200  0.023600  0.074600  0.679200  0.000000  0.000000  0.000000  0.000000  0.000000  0.000000  0.000000  0.000000  0.000000  0.000000  0.000000  0.000000
   76  0.000000  0.000000  0.000200  0.000000  0.000200  0.000000  0.000000  0.000000  0.000000  0.000000  0.000000  0.000000  0.000000  0.000000  0.000000  0.037200  0.029000  0.018600  0.062400  0.709800  0.000000  0.000000  0.000000  0.000000  0.000000  0.000000  0.000000  0.000000  0.000000  0.000000  0.000000  0.000000
   76  0.000400  0.000000  0.000000  0.000000  0.000000  0.000000  0.000000  0.000000  0.000000  0.000000  0.000000  0.000000  0.000000  0.000000  0.000000  0.039200  0.032200  0.018800  0.050600  0.719000  0.000000  0.000000  0.000000  0.000000  0.000000  0.000000  0.000000  0.000000  0.000000  0.000000  0.000000  0.000000
   76  0.000000  0.000000  0.000000  0.000000  0.000000  0.000000  0.000000  0.000000  0.000000  0.000000  0.000000  0.000000  0.000000  0.000000  0.000000  0.044000  0.032200  0.022000  0.038200  0.722200  0.000000  0.000000  0.000000  0.000000  0.000000  0.000000  0.000000  0.000000  0.000000  0.000000  0.000000  0.000000
   77  0.000000  0.000000  0.000000  0.000000  0.000000  0.000000  0.000000  0.000000  0.000000  0.000000  0.000000  0.000000  0.000000  0.000000  0.000000  0.031400  0.028200  0.025000  0.038800  0.733200  0.000000  0.000000  0.000000  0.000000  0.000000  0.000000  0.000000  0.000000  0.000000  0.000000  0.000000  0.000000
   78  0.000000  0.000000  0.000000  0.000000  0.000000  0.000000  0.000000  0.000000  0.000000  0.000000  0.000000  0.000000  0.000000  0.000000  0.000000  0.041200  0.026600  0.018200  0.029600  0.738400  0.000000  0.000000  0.000000  0.000000  0.000000  0.000000  0.000000  0.000000  0.000000  0.000000  0.000000  0.000000
   78  0.000000  0.000000  0.000000  0.000000  0.000000  0.000000  0.000000  0.000000  0.000000  0.000000  0.000000  0.000000  0.000000  0.000000  0.000000  0.038000  0.031600  0.026400  0.027000  0.739400  0.000000  0.000000  0.000000  0.000000  0.000000  0.000000  0.000000  0.000000  0.000000  0.000000  0.000000  0.000000
   78  0.000000  0.000000  0.000000  0.000000  0.000000  0.000000  0.000000  0.000000  0.000000  0.000000  0.000000  0.000000  0.000000  0.000000  0.000000  0.037200  0.035800  0.024800  0.026600  0.749200  0.000000  0.000000  0.000000  0.000000  0.000000  0.000000  0.000000  0.000000  0.000000  0.000000  0.000000  0.000000
   79  0.000000  0.000000  0.000000  0.000000  0.000000  0.000000  0.000000  0.000000  0.000000  0.000000  0.000000  0.000000  0.000000  0.000000  0.000000  0.040400  0.029600  0.023400  0.021800  0.753200  0.000000  0.000000  0.000000  0.000000  0.000000  0.000000  0.000000  0.000000  0.000000  0.000000  0.000000  0.000000
   80  0.000000  0.000000  0.000000  0.000000  0.000000  0.000000  0.000000  0.000000  0.000000  0.000000  0.000000  0.000000  0.000000  0.000000  0.000000  0.037200  0.031000  0.020000  0.020200  0.757000  0.000000  0.000000  0.000000  0.000000  0.000000  0.000000  0.000000  0.000000  0.000000  0.000000  0.000000  0.000000
   80  0.000000  0.000000  0.000000  0.000000  0.000000  0.000000  0.000000  0.000000  0.000000  0.000000  0.000000  0.000000  0.000000  0.000000  0.000000  0.041200  0.029000  0.027200  0.023200  0.744600  0.000000  0.000000  0.000000  0.000000  0.000000  0.000000  0.000000  0.000000  0.000000  0.000000  0.000000  0.000000
   85  0.000000  0.000000  0.000000  0.000000  0.000000  0.000000  0.000000  0.000000  0.000000  0.000000  0.000000  0.000000  0.000000  0.000000  0.000000  0.034000  0.030200  0.032400  0.019600  0.773800  0.000000  0.000000  0.000000  0.000000  0.000000  0.000000  0.000000  0.000000  0.000000  0.000000  0.000000  0.000000
   90  0.000000  0.000000  0.000000  0.000000  0.000000  0.000000  0.000000  0.000000  0.000000  0.000000  0.000000  0.000000  0.000000  0.000000  0.000000  0.033800  0.031800  0.026800  0.019000  0.794600  0.000000  0.000000  0.000000  0.000000  0.000000  0.000000  0.000000  0.000000  0.000000  0.000000  0.000000  0.000000
   95  0.000000  0.000000  0.000000  0.000000  0.000200  0.000000  0.000000  0.000000  0.000000  0.000000  0.000000  0.000000  0.000000  0.000000  0.000000  0.030800  0.029600  0.028200  0.020600  0.810200  0.000000  0.000000  0.000000  0.000000  0.000000  0.000000  0.000000  0.000000  0.000000  0.000000  0.000000  0.000000
  100  0.000000  0.000000  0.000000  0.000000  0.000000  0.000000  0.000000  0.000000  0.000000  0.000000  0.000000  0.000000  0.000000  0.000000  0.000000  0.026800  0.025800  0.028600  0.023400  0.829600  0.000000  0.000000  0.000000  0.000000  0.000000  0.000000  0.000000  0.000000  0.000000  0.000000  0.000000  0.000000
  105  0.000000  0.000000  0.000000  0.000000  0.000000  0.000000  0.000000  0.000000  0.000000  0.000000  0.000000  0.000000  0.000000  0.000000  0.000000  0.024000  0.028800  0.025800  0.023000  0.837400  0.000000  0.000000  0.000000  0.000000  0.000000  0.000000  0.000000  0.000000  0.000000  0.000000  0.000000  0.000000
  110  0.000000  0.000000  0.000000  0.000000  0.000000  0.000000  0.000000  0.000000  0.000000  0.000000  0.000000  0.000000  0.000000  0.000000  0.000000  0.024000  0.027600  0.024800  0.030800  0.840800  0.000000  0.000000  0.000000  0.000000  0.000000  0.000000  0.000000  0.000000  0.000000  0.000000  0.000000  0.000000
  115  0.000000  0.000000  0.000000  0.000000  0.000000  0.000000  0.000000  0.000000  0.000000  0.000000  0.000000  0.000000  0.000000  0.000000  0.000000  0.019600  0.027000  0.028600  0.030400  0.062400  0.785800  0.000000  0.000000  0.000000  0.000000  0.000000  0.000000  0.000000  0.000000  0.000000  0.000000  0.000000
  116  0.000000  0.000000  0.000000  0.000000  0.000000  0.000000  0.000000  0.000000  0.000000  0.000000  0.000000  0.000000  0.000000  0.000000  0.000000  0.021800  0.026600  0.024600  0.032000  0.058600  0.791600  0.000000  0.000000  0.000000  0.000000  0.000000  0.000000  0.000000  0.000000  0.000000  0.000000  0.000000
  116  0.000000  0.000000  0.000000  0.000000  0.000000  0.000000  0.000000  0.000000  0.000000  0.000000  0.000000  0.000000  0.000000  0.000000  0.000000  0.020200  0.026800  0.026000  0.026800  0.049200  0.808200  0.000000  0.000000  0.000000  0.000000  0.000000  0.000000  0.000000  0.000000  0.000000  0.000000  0.000000
  116  0.000000  0.000000  0.000000  0.000000  0.000000  0.000000  0.000000  0.000000  0.000000  0.000000  0.000000  0.000000  0.000000  0.000000  0.000000  0.023600  0.022200  0.028400  0.031800  0.046400  0.800000  0.000000  0.000000  0.000000  0.000000  0.000000  0.000000  0.000000  0.000000  0.000000  0.000000  0.000000
  117  0.000000  0.000000  0.000000  0.000000  0.000000  0.000000  0.000000  0.000000  0.000000  0.000000  0.000000  0.000000  0.000000  0.000000  0.000000  0.019400  0.027800  0.029400  0.023600  0.044200  0.811800  0.000000  0.000000  0.000000  0.000000  0.000000  0.000000  0.000000  0.000000  0.000000  0.000000  0.000000
  118  0.000000  0.000000  0.000000  0.000000  0.000000  0.000000  0.000000  0.000000  0.000000  0.000000  0.000000  0.000000  0.000000  0.000000  0.000000  0.022600  0.024200  0.029000  0.027600  0.044000  0.809200  0.000000  0.000000  0.000000  0.000000  0.000000  0.000000  0.000000  0.000000  0.000000  0.000000  0.000000
  118  0.000000  0.000000  0.000000  0.000000  0.000000  0.000000  0.000000  0.000000  0.000000  0.000000  0.000000  0.000000  0.000000  0.000000  0.000000  0.023200  0.023600  0.030400  0.025400  0.043200  0.813200  0.000000  0.000000  0.000000  0.000000  0.000000  0.000000  0.000000  0.000000  0.000000  0.000000  0.000000
  118  0.000000  0.000000  0.000000  0.000000  0.000000  0.000000  0.000000  0.000000  0.000000  0.000000  0.000000  0.000000  0.000000  0.000000  0.000000  0.022600  0.022400  0.026400  0.026400  0.041000  0.820200  0.000000  0.000000  0.000000  0.000000  0.000000  0.000000  0.000000  0.000000  0.000000  0.000000  0.000000
  119  0.000000  0.000000  0.000000  0.000000  0.000000  0.000000  0.000000  0.000000  0.000000  0.000000  0.000000  0.000000  0.000000  0.000000  0.000000  0.022200  0.025600  0.028000  0.035600  0.035200  0.810000  0.000000  0.000000  0.000000  0.000000  0.000000  0.000000  0.000000  0.000000  0.000000  0.000000  0.000000
  120  0.000000  0.000000  0.000000  0.000000  0.000000  0.000000  0.000000  0.000000  0.000000  0.000000  0.000000  0.000000  0.000000  0.000000  0.000000  0.021000  0.021600  0.028400  0.029000  0.036000  0.823200  0.000000  0.000000  0.000000  0.000000  0.000000  0.000000  0.000000  0.000000  0.000000  0.000000  0.000000
  120  0.000000  0.000000  0.000000  0.000000  0.000200  0.000000  0.000000  0.000000  0.000000  0.000000  0.000000  0.000000  0.000000  0.000000  0.000000  0.019600  0.023000  0.029000  0.026800  0.032800  0.824200  0.000000  0.000000  0.000000  0.000000  0.000000  0.000000  0.000000  0.000000  0.000000  0.000000  0.000000
  125  0.000000  0.000000  0.000000  0.000000  0.000000  0.000000  0.000000  0.000000  0.000000  0.000000  0.000000  0.000000  0.000000  0.000000  0.000000  0.018800  0.020200  0.028200  0.030800  0.036600  0.826400  0.000000  0.000000  0.000000  0.000000  0.000000  0.000000  0.000000  0.000000  0.000000  0.000000  0.000000
  130  0.000000  0.000000  0.000000  0.000000  0.000000  0.000000  0.000000  0.000000  0.000000  0.000000  0.000000  0.000000  0.000000  0.000000  0.000000  0.016000  0.021800  0.025400  0.024600  0.039200  0.840800  0.000000  0.000000  0.000000  0.000000  0.000000  0.000000  0.000000  0.000000  0.000000  0.000000  0.000000
  135  0.000000  0.000000  0.000000  0.000000  0.000000  0.000000  0.000000  0.000000  0.000000  0.000000  0.000000  0.000000  0.000000  0.000000  0.000000  0.015800  0.019600  0.020400  0.025600  0.032800  0.854600  0.000000  0.000000  0.000000  0.000000  0.000000  0.000000  0.000000  0.000000  0.000000  0.000000  0.000000
  140  0.000000  0.000000  0.000000  0.000000  0.000000  0.000000  0.000000  0.000000  0.000000  0.000000  0.000000  0.000000  0.000000  0.000000  0.000000  0.014000  0.021200  0.023000  0.030400  0.040000  0.841000  0.000000  0.000000  0.000000  0.000000  0.000000  0.000000  0.000000  0.000000  0.000000  0.000000  0.000000
  145  0.000000  0.000000  0.000000  0.000000  0.000000  0.000000  0.000000  0.000000  0.000000  0.000000  0.000000  0.000000  0.000000  0.000000  0.000000  0.012800  0.016800  0.018800  0.022600  0.035400  0.867200  0.000000  0.000000  0.000000  0.000000  0.000000  0.000000  0.000000  0.000000  0.000000  0.000000  0.000000
  150  0.000000  0.000000  0.000000  0.000000  0.000000  0.000000  0.000000  0.000000  0.000000  0.000000  0.000000  0.000000  0.000000  0.000000  0.000000  0.015800  0.017200  0.022600  0.025000  0.037800  0.853000  0.000000  0.000000  0.000000  0.000000  0.000000  0.000000  0.000000  0.000000  0.000000  0.000000  0.000000
  160  0.000000  0.000000  0.000000  0.000000  0.000000  0.000000  0.000000  0.000000  0.000000  0.000000  0.000000  0.000000  0.000000  0.000000  0.000000  0.009400  0.014800  0.019000  0.021000  0.048600  0.867000  0.000000  0.000000  0.000000  0.000000  0.000000  0.000000  0.000000  0.000000  0.000000  0.000000  0.000000
  170  0.000000  0.000000  0.000000  0.000000  0.000000  0.000000  0.000000  0.000000  0.000000  0.000000  0.000000  0.000000  0.000000  0.000000  0.000000  0.008800  0.015400  0.018200  0.023600  0.048000  0.046200  0.815000  0.000000  0.000000  0.000000  0.000000  0.000000  0.000000  0.000000  0.000000  0.000000  0.000000
  171  0.000000  0.000000  0.000000  0.000000  0.000000  0.000000  0.000000  0.000000  0.000000  0.000000  0.000000  0.000000  0.000000  0.000000  0.000000  0.009400  0.012600  0.018600  0.023200  0.047600  0.035600  0.831000  0.000000  0.000000  0.000000  0.000000  0.000000  0.000000  0.000000  0.000000  0.000000  0.000000
  172  0.000000  0.000000  0.000000  0.000000  0.000000  0.000000  0.000000  0.000000  0.000000  0.000000  0.000000  0.000000  0.000000  0.000000  0.000000  0.007800  0.012000  0.015600  0.025400  0.050800  0.035000  0.834600  0.000000  0.000000  0.000000  0.000000  0.000000  0.000000  0.000000  0.000000  0.000000  0.000000
  173  0.000000  0.000000  0.000000  0.000000  0.000000  0.000000  0.000000  0.000000  0.000000  0.000000  0.000000  0.000000  0.000000  0.000000  0.000000  0.010800  0.010800  0.019200  0.024400  0.045600  0.035600  0.834600  0.000000  0.000000  0.000000  0.000000  0.000000  0.000000  0.000000  0.000000  0.000000  0.000000
  174  0.000000  0.000000  0.000000  0.000000  0.000000  0.000000  0.000000  0.000000  0.000000  0.000000  0.000000  0.000000  0.000000  0.000000  0.000000  0.007200  0.011800  0.016800  0.025400  0.045400  0.033600  0.841400  0.000000  0.000000  0.000000  0.000000  0.000000  0.000000  0.000000  0.000000  0.000000  0.000000
  175  0.000000  0.000000  0.000000  0.000000  0.000000  0.000000  0.000000  0.000000  0.000000  0.000000  0.000000  0.000000  0.000000  0.000000  0.000000  0.008000  0.013600  0.013800  0.024800  0.046000  0.031800  0.844400  0.000000  0.000000  0.000000  0.000000  0.000000  0.000000  0.000000  0.000000  0.000000  0.000000
  176  0.000000  0.000000  0.000000  0.000000  0.000000  0.000000  0.000000  0.000000  0.000000  0.000000  0.000000  0.000000  0.000000  0.000000  0.000000  0.006400  0.011800  0.017600  0.023400  0.045800  0.030200  0.847600  0.000000  0.000000  0.000000  0.000000  0.000000  0.000000  0.000000  0.000000  0.000000  0.000000
  177  0.000000  0.000000  0.000000  0.000000  0.000000  0.000000  0.000000  0.000000  0.000000  0.000000  0.000000  0.000000  0.000000  0.000000  0.000000  0.008000  0.012800  0.017400  0.022400  0.049200  0.037200  0.835200  0.000000  0.000000  0.000000  0.000000  0.000000  0.000000  0.000000  0.000000  0.000000  0.000000
  178  0.000000  0.000000  0.000000  0.000000  0.000000  0.000000  0.000000  0.000000  0.000000  0.000000  0.000000  0.000000  0.000000  0.000000  0.000000  0.009200  0.013400  0.015200  0.024000  0.050200  0.028000  0.841200  0.000000  0.000000  0.000000  0.000000  0.000000  0.000000  0.000000  0.000000  0.000000  0.000000
  179  0.000000  0.000000  0.000000  0.000000  0.000000  0.000000  0.000000  0.000000  0.000000  0.000000  0.000000  0.000000  0.000000  0.000000  0.000000  0.007400  0.014000  0.014400  0.023400  0.046600  0.028200  0.851400  0.000000  0.000000  0.000000  0.000000  0.000000  0.000000  0.000000  0.000000  0.000000  0.000000
  180  0.000000  0.000000  0.000000  0.000000  0.000000  0.000000  0.000000  0.000000  0.000000  0.000000  0.000000  0.000000  0.000000  0.000000  0.000000  0.007200  0.011000  0.013800  0.024000  0.044000  0.031200  0.853600  0.000000  0.000000  0.000000  0.000000  0.000000  0.000000  0.000000  0.000000  0.000000  0.000000
  190  0.000000  0.000000  0.000000  0.000000  0.000000  0.000000  0.000000  0.000000  0.000000  0.000000  0.000000  0.000000  0.000000  0.000000  0.000000  0.010000  0.008600  0.015600  0.016200  0.049600  0.030400  0.853800  0.000000  0.000000  0.000000  0.000000  0.000000  0.000000  0.000000  0.000000  0.000000  0.000000
  200  0.000000  0.000000  0.000000  0.000000  0.000000  0.000000  0.000000  0.000000  0.000000  0.000000  0.000000  0.000000  0.000000  0.000000  0.000000  0.006400  0.007200  0.016000  0.023400  0.046200  0.035800  0.852200  0.000000  0.000000  0.000000  0.000000  0.000000  0.000000  0.000000  0.000000  0.000000  0.000000
  210  0.000200  0.000000  0.000000  0.000000  0.000000  0.000000  0.000000  0.000000  0.000000  0.000000  0.000000  0.000000  0.000000  0.000000  0.000000  0.004400  0.008400  0.012400  0.017800  0.040800  0.034200  0.869800  0.000000  0.000000  0.000000  0.000000  0.000000  0.000000  0.000000  0.000000  0.000000  0.000000
  220  0.000000  0.000200  0.000000  0.000000  0.000000  0.000000  0.000000  0.000000  0.000000  0.000000  0.000000  0.000000  0.000000  0.000000  0.000000  0.005400  0.006200  0.012200  0.015600  0.045200  0.042600  0.861200  0.000000  0.000000  0.000000  0.000000  0.000000  0.000000  0.000000  0.000000  0.000000  0.000000
  230  0.000000  0.000000  0.000000  0.000000  0.000000  0.000000  0.000000  0.000000  0.000000  0.000000  0.000000  0.000000  0.000000  0.000000  0.000000  0.005000  0.007200  0.007400  0.014400  0.042400  0.041800  0.871000  0.000000  0.000000  0.000000  0.000000  0.000000  0.000000  0.000000  0.000000  0.000000  0.000000
  240  0.000000  0.000000  0.000000  0.000000  0.000000  0.000000  0.000000  0.000000  0.000000  0.000000  0.000000  0.000000  0.000000  0.000000  0.000000  0.004200  0.004000  0.009600  0.015800  0.043200  0.042400  0.869600  0.000000  0.000000  0.000000  0.000000  0.000000  0.000000  0.000000  0.000000  0.000000  0.000000
  241  0.000000  0.000000  0.000000  0.000000  0.000000  0.000000  0.000000  0.000000  0.000000  0.000000  0.000000  0.000000  0.000000  0.000000  0.000000  0.004600  0.007600  0.007200  0.014600  0.041800  0.042200  0.420000  0.452600  0.000000  0.000000  0.000000  0.000000  0.000000  0.000000  0.000000  0.000000  0.000000
  242  0.000000  0.000000  0.000000  0.000000  0.000000  0.000000  0.000000  0.000000  0.000000  0.000000  0.000000  0.000000  0.000000  0.000000  0.000000  0.002800  0.005600  0.007200  0.009800  0.039800  0.042200  0.140600  0.743600  0.000000  0.000000  0.000000  0.000000  0.000000  0.000000  0.000000  0.000000  0.000000
  243  0.000000  0.000000  0.000000  0.000000  0.000000  0.000000  0.000000  0.000000  0.000000  0.000000  0.000000  0.000000  0.000000  0.000000  0.000000  0.003400  0.006000  0.007000  0.013200  0.040200  0.048800  0.069000  0.801600  0.000000  0.000000  0.000000  0.000000  0.000000  0.000000  0.000000  0.000000  0.000000
  244  0.000000  0.000000  0.000000  0.000000  0.000000  0.000000  0.000000  0.000000  0.000000  0.000000  0.000000  0.000000  0.000000  0.000000  0.000000  0.003000  0.007000  0.007800  0.010600  0.038200  0.045200  0.051000  0.827400  0.000000  0.000000  0.000000  0.000000  0.000000  0.000000  0.000000  0.000000  0.000000
  245  0.000000  0.000000  0.000000  0.000000  0.000000  0.000000  0.000000  0.000000  0.000000  0.000000  0.000000  0.000000  0.000000  0.000000  0.000000  0.003000  0.005000  0.009600  0.011800  0.039200  0.042200  0.040400  0.841000  0.000000  0.000000  0.000000  0.000000  0.000000  0.000000  0.000000  0.000000  0.000000
  246  0.000000  0.000000  0.000000  0.000000  0.000000  0.000000  0.000000  0.000000  0.000000  0.000000  0.000000  0.000000  0.000000  0.000000  0.000000  0.003400  0.007000  0.009000  0.011800  0.034400  0.038200  0.037000  0.848800  0.000000  0.000000  0.000000  0.000000  0.000000  0.000000  0.000000  0.000000  0.000000
  247  0.000000  0.000000  0.000000  0.000000  0.000000  0.000000  0.000000  0.000000  0.000000  0.000000  0.000000  0.000000  0.000000  0.000000  0.000000  0.003400  0.004800  0.009000  0.010600  0.041000  0.044400  0.036800  0.844000  0.000000  0.000000  0.000000  0.000000  0.000000  0.000000  0.000000  0.000000  0.000000
  248  0.000000  0.000000  0.000000  0.000000  0.000000  0.000000  0.000000  0.000000  0.000000  0.000000  0.000000  0.000000  0.000000  0.000000  0.000000  0.002600  0.004600  0.007400  0.015600  0.034400  0.043400  0.037200  0.846200  0.000000  0.000000  0.000000  0.000000  0.000000  0.000000  0.000000  0.000000  0.000000
  249  0.000000  0.000000  0.000000  0.000000  0.000000  0.000000  0.000000  0.000000  0.000000  0.000000  0.000000  0.000000  0.000000  0.000000  0.000000  0.003400  0.007600  0.006400  0.012000  0.037400  0.045200  0.033400  0.847000  0.000000  0.000000  0.000000  0.000000  0.000000  0.000000  0.000000  0.000000  0.000000
  250  0.000000  0.000000  0.000000  0.000000  0.000000  0.000000  0.000000  0.000000  0.000000  0.000000  0.000000  0.000000  0.000000  0.000000  0.000000  0.002400  0.005800  0.008800  0.012400  0.039000  0.043600  0.034400  0.845800  0.000000  0.000000  0.000000  0.000000  0.000000  0.000000  0.000000  0.000000  0.000000
  260  0.000000  0.000000  0.000000  0.000000  0.000000  0.000000  0.000000  0.000000  0.000000  0.000000  0.000000  0.000000  0.000000  0.000000  0.000000  0.002800  0.008000  0.008800  0.010600  0.036000  0.036600  0.033600  0.855600  0.000000  0.000000  0.000000  0.000000  0.000000  0.000000  0.000000  0.000000  0.000000
  270  0.000000  0.000000  0.000000  0.000000  0.000000  0.000000  0.000000  0.000000  0.000000  0.000000  0.000000  0.000000  0.000000  0.000000  0.000000  0.002600  0.004600  0.007600  0.009000  0.034600  0.046800  0.031000  0.854200  0.000000  0.000000  0.000000  0.000000  0.000000  0.000000  0.000000  0.000000  0.000000
  280  0.000000  0.000000  0.000000  0.000000  0.000000  0.000000  0.000000  0.000000  0.000000  0.000000  0.000000  0.000000  0.000000  0.000000  0.000000  0.003200  0.001800  0.003400  0.009200  0.034000  0.044000  0.030800  0.862000  0.000000  0.000000  0.000000  0.000000  0.000000  0.000000  0.000000  0.000000  0.000000
  290  0.000000  0.000000  0.000000  0.000000  0.000000  0.000000  0.000000  0.000000  0.000000  0.000000  0.000000  0.000000  0.000000  0.000000  0.000000  0.001600  0.004400  0.004200  0.010400  0.026800  0.037200  0.032200  0.862000  0.000000  0.000000  0.000000  0.000000  0.000000  0.000000  0.000000  0.000000  0.000000
  300  0.000000  0.000000  0.000000  0.000000  0.000000  0.000000  0.000000  0.000000  0.000000  0.000000  0.000000  0.000000  0.000000  0.000000  0.000000  0.002200  0.003600  0.003800  0.009200  0.033400  0.044400  0.034400  0.841400  0.000000  0.000000  0.000000  0.000000  0.000000  0.000000  0.000000  0.000000  0.000000
  310  0.000000  0.000000  0.000000  0.000000  0.000000  0.000000  0.000000  0.000000  0.000000  0.000000  0.000000  0.000000  0.000000  0.000000  0.000000  0.001400  0.002600  0.004400  0.006800  0.024800  0.047600  0.036200  0.824200  0.000000  0.000000  0.000000  0.000000  0.000000  0.000000  0.000000  0.000000  0.000000
  320  0.000000  0.000000  0.000000  0.000000  0.000000  0.000000  0.000000  0.000000  0.000000  0.000000  0.000000  0.000000  0.000000  0.000000  0.000000  0.000800  0.001600  0.002600  0.006800  0.023800  0.037400  0.044000  0.808800  0.000000  0.000000  0.000000  0.000000  0.000000  0.000000  0.000000  0.000000  0.000000
  330  0.000000  0.000000  0.000000  0.000000  0.000000  0.000000  0.000000  0.000000  0.000000  0.000000  0.000000  0.000000  0.000000  0.000000  0.000000  0.002600  0.002000  0.002800  0.008400  0.023000  0.032600  0.041600  0.785800  0.000000  0.000000  0.000000  0.000000  0.085600  0.000000  0.000000  0.000000  0.000000
  340  0.000000  0.000000  0.000000  0.000000  0.000000  0.000000  0.000000  0.000000  0.000000  0.000000  0.000000  0.000000  0.000000  0.000000  0.000000  0.001800  0.002000  0.001800  0.005200  0.022200  0.035600  0.041000  0.758200  0.000000  0.000000  0.000000  0.000000  0.115200  0.000000  0.000000  0.000000  0.000000
  342  0.000000  0.000000  0.000000  0.000000  0.000000  0.000000  0.000000  0.000000  0.000000  0.000000  0.000000  0.000000  0.000000  0.000000  0.000000  0.001600  0.001200  0.006000  0.004000  0.021000  0.037200  0.042800  0.741800  0.000000  0.000000  0.000000  0.000000  0.127200  0.000000  0.000000  0.000000  0.000000
  344  0.000000  0.000000  0.000000  0.000000  0.000000  0.000000  0.000000  0.000000  0.000000  0.000000  0.000000  0.000000  0.000000  0.000000  0.000000  0.001600  0.002200  0.001600  0.007400  0.025800  0.034000  0.043600  0.735200  0.000000  0.000000  0.000000  0.000000  0.130400  0.000000  0.000000  0.000000  0.000000
  346  0.000000  0.000000  0.000000  0.000000  0.000000  0.000000  0.000000  0.000000  0.000000  0.000000  0.000000  0.000000  0.000000  0.000000  0.000000  0.001800  0.003600  0.003800  0.005800  0.018600  0.030200  0.041200  0.097200  0.637600  0.000000  0.000000  0.000000  0.140000  0.000000  0.000000  0.000000  0.000000
  348  0.000000  0.000000  0.000000  0.000000  0.000000  0.000000  0.000000  0.000000  0.000000  0.000000  0.000000  0.000000  0.000000  0.000000  0.000000  0.001800  0.002600  0.003800  0.004000  0.018800  0.034800  0.043600  0.046200  0.687000  0.000000  0.000000  0.000000  0.137600  0.000000  0.000000  0.000000  0.000000
  350  0.000000  0.000000  0.000000  0.000000  0.000000  0.000000  0.000000  0.000000  0.000000  0.000000  0.000000  0.000000  0.000000  0.000000  0.000000  0.001000  0.002800  0.002800  0.006200  0.019400  0.031400  0.041800  0.037400  0.687600  0.000000  0.000000  0.000000  0.152400  0.000000  0.000000  0.000000  0.000000
  352  0.000000  0.000000  0.000000  0.000000  0.000000  0.000000  0.000000  0.000000  0.000000  0.000000  0.000000  0.000000  0.000000  0.000000  0.000000  0.002200  0.001600  0.003800  0.004400  0.015000  0.036800  0.042600  0.040000  0.678800  0.000000  0.000000  0.000000  0.155400  0.000000  0.000000  0.000000  0.000000
  354  0.000000  0.000000  0.000000  0.000000  0.000000  0.000000  0.000000  0.000000  0.000000  0.000000  0.000000  0.000000  0.000000  0.000000  0.000000  0.002000  0.002200  0.004000  0.004400  0.015600  0.027600  0.041000  0.034400  0.681800  0.000000  0.000000  0.000000  0.163200  0.000000  0.000000  0.000000  0.000000
  356  0.000000  0.000000  0.000000  0.000000  0.000000  0.000000  0.000000  0.000000  0.000000  0.000000  0.000000  0.000000  0.000000  0.000000  0.000000  0.001200  0.001200  0.002200  0.004200  0.017600  0.031000  0.045200  0.034400  0.667200  0.000000  0.000000  0.000000  0.173200  0.000000  0.000000  0.000000  0.000000
  358  0.000000  0.000000  0.000000  0.000000  0.000000  0.000000  0.000000  0.000000  0.000000  0.000000  0.000000  0.000000  0.000000  0.000000  0.000000  0.002200  0.001200  0.002600  0.006600  0.018400  0.036200  0.040800  0.035000  0.651400  0.000000  0.000000  0.000000  0.182200  0.000000  0.000000  0.000000  0.000000
  360  0.000000  0.000000  0.000000  0.000000  0.000000  0.000000  0.000000  0.000000  0.000000  0.000000  0.000000  0.000000  0.000000  0.000000  0.000000  0.001800  0.002400  0.003600  0.003200  0.018000  0.033000  0.042200  0.027000  0.655600  0.000000  0.000000  0.000000  0.194600  0.000000  0.000000  0.000000  0.000000
  370  0.000000  0.000000  0.000000  0.000000  0.000000  0.000000  0.000000  0.000000  0.000000  0.000000  0.000000  0.000000  0.000000  0.000000  0.000000  0.001400  0.001600  0.002400  0.005200  0.014000  0.024800  0.040000  0.033400  0.625000  0.000000  0.000000  0.000000  0.227400  0.000000  0.000000  0.000000  0.000000
  380  0.000000  0.000000  0.000000  0.000000  0.000000  0.000000  0.000000  0.000000  0.000000  0.000000  0.000000  0.000000  0.000000  0.000000  0.000000  0.001400  0.002800  0.001600  0.003800  0.020200  0.032200  0.039200  0.035000  0.581200  0.000000  0.000000  0.000000  0.256200  0.000000  0.000000  0.000000  0.000000
  390  0.000000  0.000000  0.000000  0.000000  0.000000  0.000000  0.000000  0.000000  0.000000  0.000000  0.000000  0.000000  0.000000  0.000000  0.000000  0.001400  0.002000  0.001800  0.003600  0.014800  0.033200  0.043800  0.034800  0.540800  0.000000  0.000000  0.000000  0.299200  0.000000  0.000000  0.000000  0.000000
  400  0.000000  0.000000  0.000000  0.000000  0.000000  0.000000  0.000000  0.000000  0.000000  0.000000  0.000000  0.000000  0.000000  0.000000  0.000000  0.001800  0.001800  0.002000  0.002000  0.016000  0.028000  0.035600  0.038000  0.526400  0.000000  0.000000  0.000000  0.322400  0.000000  0.000000  0.000000  0.000000
  410  0.000000  0.000000  0.000000  0.000000  0.000000  0.000000  0.000000  0.000000  0.000000  0.000000  0.000000  0.000000  0.000000  0.000000  0.000000  0.001800  0.002200  0.002000  0.002800  0.014200  0.029200  0.039400  0.039400  0.488200  0.000000  0.000000  0.000000  0.351400  0.000000  0.000000  0.000000  0.000000
  420  0.000000  0.000000  0.000000  0.000000  0.000000  0.000000  0.000000  0.000000  0.000000  0.000000  0.000000  0.000000  0.000000  0.000000  0.000000  0.001000  0.000800  0.001000  0.003000  0.015600  0.024200  0.036400  0.033000  0.460800  0.000000  0.000000  0.000000  0.393800  0.000000  0.000000  0.000000  0.000000
  430  0.000000  0.000000  0.000000  0.000000  0.000000  0.000000  0.000000  0.000000  0.000000  0.000000  0.000000  0.000000  0.000000  0.000000  0.000000  0.002000  0.001400  0.001400  0.003600  0.011800  0.024400  0.040400  0.037200  0.422600  0.000000  0.000000  0.000000  0.429800  0.000000  0.000000  0.000000  0.000000
  440  0.000000  0.000000  0.000000  0.000000  0.000000  0.000000  0.000000  0.000000  0.000000  0.000000  0.000000  0.000000  0.000000  0.000000  0.000000  0.000000  0.001000  0.002400  0.003400  0.011600  0.022000  0.039400  0.039800  0.392200  0.000000  0.000000  0.000000  0.463600  0.000000  0.000000  0.000000  0.000000
  450  0.000000  0.000000  0.000000  0.000000  0.000000  0.000000  0.000000  0.000000  0.000000  0.000000  0.000000  0.000000  0.000000  0.000000  0.000000  0.000800  0.000400  0.002200  0.003600  0.012400  0.025000  0.037400  0.038400  0.372800  0.000000  0.000000  0.000000  0.478600  0.000000  0.000000  0.000000  0.000000
  460  0.000000  0.000000  0.000000  0.000000  0.000000  0.000000  0.000000  0.000000  0.000000  0.000000  0.000000  0.000000  0.000000  0.000000  0.000000  0.001000  0.001200  0.001000  0.001800  0.009600  0.020600  0.036000  0.042000  0.344800  0.000000  0.000000  0.000000  0.511600  0.000000  0.000000  0.000000  0.000000
  470  0.000000  0.000000  0.000000  0.000000  0.000000  0.000000  0.000000  0.000000  0.000000  0.000000  0.000000  0.000000  0.000000  0.000000  0.000000  0.001200  0.001000  0.001200  0.001400  0.008800  0.022400  0.042600  0.040000  0.316000  0.000000  0.000000  0.000000  0.538800  0.000000  0.000000  0.000000  0.000000
  480  0.000000  0.000000  0.000000  0.000000  0.000000  0.000000  0.000000  0.000000  0.000000  0.000000  0.000000  0.000000  0.000000  0.000000  0.000000  0.001000  0.001600  0.001200  0.002000  0.007600  0.020200  0.037800  0.044200  0.297200  0.000000  0.000000  0.000000  0.555600  0.000000  0.000000  0.000000  0.000000
  482  0.000000  0.000000  0.000000  0.000000  0.000000  0.000000  0.000000  0.000000  0.000000  0.000000  0.000000  0.000000  0.000000  0.000000  0.000000  0.000400  0.000800  0.001600  0.002200  0.008400  0.016200  0.038000  0.037000  0.297400  0.000000  0.000000  0.000000  0.074800  0.494400  0.000000  0.000000  0.000000
  484  0.000000  0.000000  0.000000  0.000000  0.000000  0.000000  0.000000  0.000000  0.000000  0.000000  0.000000  0.000000  0.000000  0.000000  0.000000  0.000600  0.001000  0.000800  0.001000  0.008200  0.018800  0.033000  0.041600  0.281200  0.000000  0.000000  0.000000  0.032200  0.553800  0.000000  0.000000  0.000000
  486  0.000000  0.000000  0.000000  0.000000  0.000000  0.000000  0.000000  0.000000  0.000000  0.000000  0.000000  0.000000  0.000000  0.000000  0.000000  0.001400  0.000400  0.001800  0.002000  0.008800  0.019400  0.032000  0.039800  0.296600  0.000000  0.000000  0.000000  0.021800  0.549200  0.000000  0.000000  0.000000
  488  0.000000  0.000000  0.000000  0.000000  0.000000  0.000000  0.000000  0.000000  0.000000  0.000000  0.000000  0.000000  0.000000  0.000000  0.000000  0.000800  0.001400  0.001200  0.000600  0.010400  0.019800  0.032400  0.040600  0.289200  0.000000  0.000000  0.000000  0.021400  0.554400  0.000000  0.000000  0.000000
  490  0.000000  0.000000  0.000000  0.000000  0.000000  0.000000  0.000000  0.000000  0.000000  0.000000  0.000000  0.000000  0.000000  0.000000  0.000000  0.001000  0.001000  0.002200  0.001000  0.008400  0.016000  0.034800  0.040400  0.240600  0.035800  0.000000  0.000000  0.021200  0.568200  0.000000  0.000000  0.000000
  500  0.000000  0.000000  0.000000  0.000000  0.000000  0.000000  0.000000  0.000000  0.000000  0.000000  0.000000  0.000000  0.000000  0.000000  0.000000  0.000400  0.000600  0.001200  0.004000  0.008400  0.015600  0.033600  0.040000  0.025200  0.228600  0.000000  0.000000  0.019400  0.593400  0.000000  0.000000  0.000000
  525  0.000000  0.000000  0.000000  0.000000  0.000000  0.000000  0.000000  0.000000  0.000000  0.000000  0.000000  0.000000  0.000000  0.000000  0.000000  0.000400  0.002000  0.001000  0.001000  0.007400  0.016600  0.033200  0.037800  0.029600  0.196800  0.000000  0.000000  0.018200  0.630600  0.000000  0.000000  0.000000
  550  0.000000  0.000000  0.000000  0.000000  0.000000  0.000000  0.000000  0.000000  0.000000  0.000000  0.000000  0.000000  0.000000  0.000000  0.000200  0.000200  0.001000  0.000800  0.001400  0.006000  0.012000  0.024200  0.043600  0.030400  0.156800  0.000000  0.000000  0.015400  0.678600  0.000000  0.000000  0.000000
  575  0.000000  0.000000  0.000000  0.000000  0.000000  0.000000  0.000000  0.000000  0.000000  0.000000  0.000000  0.000000  0.000000  0.000000  0.000000  0.000800  0.001000  0.001000  0.002200  0.004600  0.010600  0.024400  0.029400  0.037000  0.137600  0.000000  0.000000  0.012200  0.709000  0.000000  0.000000  0.000000
  600  0.000000  0.000000  0.000000  0.000000  0.000000  0.000000  0.000000  0.000000  0.000000  0.000000  0.000000  0.000000  0.000000  0.000000  0.000000  0.000200  0.000200  0.001200  0.001600  0.006000  0.009000  0.025000  0.035800  0.032400  0.110800  0.000000  0.000000  0.016800  0.730000  0.000000  0.000000  0.000000
  625  0.000000  0.000000  0.000000  0.000000  0.000000  0.000000  0.000000  0.000000  0.000000  0.000000  0.000000  0.000000  0.000000  0.000000  0.000000  0.000600  0.000800  0.000800  0.002000  0.004400  0.011400  0.017800  0.031600  0.030200  0.091600  0.000000  0.000000  0.016200  0.748200  0.000000  0.000000  0.000000
  627  0.000000  0.000000  0.000000  0.000000  0.000000  0.000000  0.000000  0.000000  0.000000  0.000000  0.000000  0.000000  0.000000  0.000000  0.000000  0.000800  0.001000  0.001000  0.001200  0.003800  0.010000  0.020800  0.033600  0.026600  0.089000  0.000000  0.000000  0.019600  0.748600  0.000000  0.000000  0.000000
  629  0.000000  0.000000  0.000000  0.000000  0.000000  0.000000  0.000000  0.000000  0.000000  0.000000  0.000000  0.000000  0.000000  0.000000  0.000000  0.000600  0.000400  0.000600  0.001600  0.003200  0.012200  0.021800  0.036000  0.029800  0.091000  0.000000  0.000000  0.017800  0.743800  0.000000  0.000000  0.000000
  631  0.000000  0.000000  0.000000  0.000000  0.000000  0.000000  0.000000  0.000000  0.000000  0.000000  0.000000  0.000000  0.000000  0.000000  0.000000  0.000000  0.000200  0.001600  0.000800  0.005400  0.009800  0.021600  0.026600  0.023800  0.085200  0.000000  0.000000  0.016600  0.765000  0.000000  0.000000  0.000000
  633  0.000000  0.000000  0.000000  0.000000  0.000000  0.000000  0.000000  0.000000  0.000000  0.000000  0.000000  0.000000  0.000000  0.000000  0.000000  0.000200  0.000000  0.000600  0.001400  0.002800  0.011200  0.023200  0.027400  0.033600  0.086600  0.000000  0.000000  0.013400  0.751600  0.000000  0.000000  0.000000
  635  0.000000  0.000000  0.000000  0.000000  0.000000  0.000000  0.000000  0.000000  0.000000  0.000000  0.000000  0.000000  0.000000  0.000000  0.000000  0.000400  0.001000  0.000400  0.001200  0.004600  0.009000  0.018800  0.028800  0.030000  0.087600  0.000000  0.000000  0.020600  0.746200  0.000000  0.000000  0.000000
  637  0.000000  0.000000  0.000000  0.000000  0.000000  0.000000  0.000000  0.000000  0.000000  0.000000  0.000000  0.000000  0.000000  0.000000  0.000000  0.000200  0.000800  0.001000  0.001000  0.003600  0.011800  0.018800  0.030800  0.026000  0.078400  0.000000  0.000000  0.020800  0.753000  0.000000  0.000000  0.000000
  639  0.000000  0.000000  0.000000  0.000000  0.000000  0.000000  0.000000  0.000000  0.000000  0.000000  0.000000  0.000000  0.000000  0.000000  0.000000  0.000000  0.000600  0.000200  0.001200  0.002200  0.011200  0.019000  0.030400  0.024600  0.080400  0.000000  0.000000  0.016000  0.765200  0.000000  0.000000  0.000000
  641  0.000000  0.000000  0.000000  0.000000  0.000000  0.000000  0.000000  0.000000  0.000000  0.000000  0.000000  0.000000  0.000000  0.000000  0.000000  0.000000  0.001400  0.000000  0.000400  0.003200  0.009800  0.021000  0.034200  0.028600  0.079800  0.000000  0.000000  0.017600  0.268200  0.486200  0.018600  0.000000
  643  0.000000  0.000000  0.000000  0.000000  0.000000  0.000000  0.000000  0.000000  0.000000  0.000000  0.000000  0.000000  0.000000  0.000000  0.000000  0.000200  0.001200  0.000200  0.002000  0.003200  0.009400  0.022000  0.027000  0.030400  0.078800  0.000000  0.000000  0.017000  0.063800  0.689400  0.027400  0.000000
  645  0.000000  0.000000  0.000000  0.000000  0.000000  0.000000  0.000000  0.000000  0.000000  0.000000  0.000000  0.000000  0.000000  0.000000  0.000000  0.000200  0.000200  0.000200  0.000400  0.004800  0.010600  0.017600  0.028800  0.030200  0.072600  0.000000  0.000000  0.018200  0.046600  0.715600  0.029200  0.000000
  647  0.000000  0.000000  0.000000  0.000000  0.000000  0.000000  0.000000  0.000000  0.000000  0.000000  0.000000  0.000000  0.000000  0.000000  0.000000  0.000400  0.000600  0.001000  0.000800  0.003200  0.010400  0.019000  0.033600  0.028400  0.074600  0.000000  0.000000  0.017200  0.040800  0.716400  0.030600  0.000000
  649  0.000000  0.000000  0.000000  0.000000  0.000000  0.000000  0.000000  0.000000  0.000000  0.000000  0.000000  0.000000  0.000000  0.000000  0.000000  0.000200  0.000400  0.000800  0.001200  0.002400  0.009400  0.021200  0.030200  0.026200  0.078200  0.000000  0.000000  0.017400  0.046400  0.712200  0.029200  0.000000
  650  0.000000  0.000000  0.000000  0.000000  0.000000  0.000000  0.000000  0.000000  0.000000  0.000000  0.000000  0.000000  0.000000  0.000000  0.000000  0.000600  0.000200  0.000800  0.001400  0.003400  0.008000  0.018400  0.025800  0.024800  0.073200  0.000000  0.000000  0.020600  0.040800  0.721200  0.031400  0.000000
  675  0.000000  0.000000  0.000000  0.000000  0.000000  0.000000  0.000000  0.000000  0.000000  0.000000  0.000000  0.000000  0.000000  0.000000  0.000000  0.000200  0.000000  0.000200  0.001600  0.004400  0.011600  0.017400  0.031400  0.025200  0.065000  0.000000  0.000000  0.020000  0.032200  0.707400  0.055400  0.000000
  700  0.000000  0.000000  0.000000  0.000000  0.000000  0.000000  0.000000  0.000000  0.000000  0.000000  0.000000  0.000000  0.000000  0.000000  0.000000  0.000000  0.000000  0.001200  0.000800  0.003200  0.008200  0.014000  0.022200  0.022600  0.044400  0.000000  0.000000  0.018400  0.028400  0.716200  0.089400  0.000000
  725  0.000000  0.000000  0.000000  0.000000  0.000000  0.000000  0.000000  0.000000  0.000000  0.000000  0.000000  0.000000  0.000000  0.000000  0.000000  0.000000  0.000400  0.000400  0.000800  0.003000  0.007400  0.017000  0.021400  0.020400  0.047400  0.000000  0.000000  0.021000  0.024800  0.693000  0.114800  0.000000
  750  0.000000  0.000000  0.000000  0.000000  0.000000  0.000000  0.000000  0.000000  0.000000  0.000000  0.000000  0.000000  0.000000  0.000000  0.000000  0.000200  0.000200  0.000400  0.000800  0.001800  0.007200  0.013200  0.021200  0.019200  0.038600  0.000000  0.000000  0.025200  0.028800  0.655800  0.154200  0.000000
  775  0.000000  0.000000  0.000000  0.000000  0.000000  0.000000  0.000000  0.000000  0.000000  0.000000  0.000000  0.000000  0.000000  0.000000  0.000000  0.000200  0.000400  0.000600  0.001000  0.003200  0.005800  0.012200  0.025400  0.020000  0.035200  0.000000  0.000000  0.022000  0.025000  0.636000  0.170400  0.000000
  800  0.000000  0.000000  0.000000  0.000000  0.000000  0.000000  0.000000  0.000000  0.000000  0.000000  0.000000  0.000000  0.000000  0.000000  0.000000  0.000200  0.000000  0.000400  0.000400  0.002400  0.005200  0.013200  0.018200  0.015000  0.027400  0.000000  0.000000  0.020800  0.028800  0.088600  0.218200  0.000000
  825  0.000000  0.000000  0.000000  0.000000  0.000000  0.000000  0.000000  0.000000  0.000000  0.000000  0.000000  0.000000  0.000000  0.000000  0.000000  0.000200  0.000000  0.000400  0.000400  0.003000  0.006000  0.009600  0.019400  0.017200  0.012400  0.015000  0.000000  0.026000  0.028400  0.036000  0.252600  0.000000
  850  0.000000  0.000000  0.000000  0.000000  0.000000  0.000000  0.000000  0.000000  0.000000  0.000000  0.000000  0.000000  0.000000  0.000000  0.000000  0.000400  0.000200  0.000200  0.001000  0.003000  0.003200  0.009200  0.015600  0.015800  0.012000  0.012200  0.000000  0.025800  0.030400  0.026800  0.268400  0.000000
  875  0.000000  0.000000  0.000000  0.000000  0.000000  0.000000  0.000000  0.000000  0.000000  0.000000  0.000000  0.000000  0.000000  0.000000  0.000000  0.000200  0.000600  0.000400  0.000200  0.002800  0.004400  0.007400  0.014400  0.013600  0.007600  0.007400  0.000000  0.022400  0.031200  0.032000  0.289200  0.000000
  900  0.000000  0.000000  0.000000  0.000000  0.000000  0.000000  0.000000  0.000000  0.000000  0.000000  0.000000  0.000000  0.000000  0.000000  0.000000  0.000200  0.000000  0.000800  0.001400  0.002000  0.003800  0.007000  0.014200  0.012200  0.007600  0.005600  0.000000  0.025800  0.030400  0.025200  0.297000  0.000000
  925  0.000000  0.000000  0.000000  0.000000  0.000000  0.000000  0.000000  0.000000  0.000000  0.000000  0.000000  0.000000  0.000000  0.000000  0.000000  0.000200  0.000400  0.000800  0.000400  0.002600  0.002800  0.006200  0.008800  0.012800  0.010200  0.006600  0.000000  0.022200  0.031000  0.025600  0.319400  0.000000
  950  0.000000  0.000000  0.000000  0.000000  0.000000  0.000000  0.000000  0.000000  0.000000  0.000000  0.000000  0.000000  0.000000  0.000000  0.000000  0.000000  0.000400  0.000200  0.000200  0.001600  0.004600  0.007000  0.010000  0.011000  0.008800  0.003200  0.000000  0.014600  0.025800  0.031000  0.315400  0.000000
  975  0.000000  0.000000  0.000000  0.000000  0.000000  0.000000  0.000000  0.000000  0.000000  0.000000  0.000000  0.000000  0.000000  0.000000  0.000000  0.000000  0.000400  0.000400  0.000200  0.002400  0.004200  0.005000  0.008400  0.010000  0.005600  0.003400  0.000000  0.021400  0.032200  0.024200  0.346800  0.000000
 1000  0.000000  0.000000  0.000000  0.000000  0.000000  0.000000  0.000000  0.000000  0.000000  0.000000  0.000000  0.000000  0.000000  0.000000  0.000000  0.000000  0.000000  0.000400  0.000400  0.001600  0.005400  0.007600  0.008000  0.008400  0.006600  0.002400  0.000000  0.014800  0.028400  0.028200  0.349200  0.000000
 1100  0.000000  0.000000  0.000000  0.000000  0.000000  0.000000  0.000000  0.000000  0.000000  0.000000  0.000000  0.000000  0.000000  0.000000  0.000000  0.000000  0.000200  0.000600  0.000400  0.001200  0.002600  0.003000  0.006000  0.006800  0.004200  0.001800  0.000000  0.013400  0.023200  0.025200  0.382400  0.000000
 1200  0.000000  0.000000  0.000000  0.000000  0.000000  0.000000  0.000000  0.000000  0.000000  0.000000  0.000000  0.000000  0.000000  0.000000  0.000000  0.000000  0.000200  0.000400  0.000200  0.001200  0.002400  0.002400  0.003800  0.004200  0.002800  0.002000  0.000000  0.015800  0.023600  0.019800  0.374800  0.000000
 1300  0.000000  0.000000  0.000000  0.000000  0.000000  0.000000  0.000000  0.000000  0.000000  0.000000  0.000000  0.000000  0.000000  0.000000  0.000000  0.000200  0.000200  0.000600  0.000200  0.001000  0.002000  0.002600  0.004000  0.002200  0.002200  0.001000  0.000000  0.010400  0.018800  0.021000  0.357200  0.000000
 1400  0.000000  0.000000  0.000000  0.000000  0.000000  0.000000  0.000000  0.000000  0.000000  0.000000  0.000000  0.000000  0.000000  0.000000  0.000000  0.000200  0.000000  0.000000  0.000000  0.000800  0.001800  0.001200  0.002600  0.001400  0.001000  0.000800  0.000000  0.009600  0.014000  0.016600  0.353000  0.000000
 1500  0.000000  0.000000  0.000000  0.000000  0.000000  0.000000  0.000000  0.000000  0.000000  0.000000  0.000000  0.000000  0.000000  0.000000  0.000000  0.000000  0.000000  0.000400  0.000200  0.000600  0.000800  0.001200  0.001000  0.002000  0.001000  0.000400  0.000000  0.007400  0.011000  0.018000  0.331400  0.000000
 1600  0.000000  0.000000  0.000000  0.000000  0.000000  0.000000  0.000000  0.000000  0.000000  0.000000  0.000000  0.000000  0.000000  0.000000  0.000000  0.000200  0.000200  0.000000  0.000000  0.001600  0.001000  0.001200  0.001000  0.001600  0.001000  0.000000  0.000000  0.005400  0.009600  0.013000  0.318800  0.000000
 1700  0.000000  0.000000  0.000000  0.000000  0.000000  0.000000  0.000000  0.000000  0.000000  0.000000  0.000000  0.000000  0.000000  0.000000  0.000000  0.000200  0.000000  0.000000  0.000000  0.000200  0.000800  0.001000  0.000600  0.001400  0.000800  0.000200  0.000000  0.006800  0.008600  0.012600  0.312800  0.000000
 1800  0.000000  0.000000  0.000000  0.000000  0.000000  0.000000  0.000000  0.000000  0.000000  0.000000  0.000000  0.000000  0.000000  0.000000  0.000000  0.000000  0.000200  0.000000  0.000000  0.000600  0.000600  0.001000  0.001400  0.000800  0.000400  0.000400  0.000000  0.005000  0.006200  0.009800  0.284800  0.000000
 1900  0.000000  0.000000  0.000000  0.000000  0.000000  0.000000  0.000000  0.000000  0.000000  0.000000  0.000000  0.000000  0.000000  0.000000  0.000000  0.000200  0.000000  0.000000  0.000000  0.000000  0.000000  0.001200  0.001200  0.002000  0.001200  0.000000  0.000000  0.003400  0.008600  0.007600  0.259600  0.000000
 2000  0.000000  0.000000  0.000000  0.000000  0.000000  0.000000  0.000000  0.000000  0.000000  0.000000  0.000000  0.000000  0.000000  0.000000  0.000000  0.000000  0.000000  0.000000  0.000000  0.000000  0.000600  0.000200  0.001000  0.000800  0.001000  0.000200  0.000000  0.002000  0.003600  0.008600  0.226400  0.000000
 2100  0.000000  0.000000  0.000000  0.000000  0.000000  0.000000  0.000000  0.000000  0.000000  0.000000  0.000000  0.000000  0.000000  0.000000  0.000000  0.000200  0.000000  0.000000  0.000200  0.000400  0.000400  0.001400  0.000400  0.001000  0.000600  0.000400  0.000000  0.002800  0.003800  0.005000  0.212400  0.000000
 2200  0.000000  0.000000  0.000000  0.000000  0.000000  0.000000  0.000000  0.000000  0.000000  0.000000  0.000000  0.000000  0.000000  0.000000  0.000000  0.000200  0.000000  0.000000  0.000200  0.000000  0.000600  0.000800  0.000600  0.000600  0.001000  0.000400  0.000200  0.002800  0.003800  0.004200  0.193800  0.000000
 2300  0.000000  0.000000  0.000000  0.000000  0.000000  0.000000  0.000000  0.000000  0.000000  0.000000  0.000000  0.000000  0.000000  0.000000  0.000000  0.000200  0.000000  0.000000  0.000200  0.000600  0.000400  0.000200  0.000400  0.000400  0.000800  0.000000  0.000000  0.002200  0.004200  0.004000  0.193200  0.000000
 2400  0.000000  0.000000  0.000000  0.000000  0.000000  0.000000  0.000000  0.000000  0.000000  0.000000  0.000000  0.000000  0.000000  0.000000  0.000000  0.000000  0.000000  0.000000  0.000000  0.000200  0.000400  0.000200  0.001600  0.000800  0.000800  0.000200  0.000000  0.001800  0.003200  0.003200  0.191400  0.000000
 2500  0.000000  0.000000  0.000000  0.000000  0.000000  0.000000  0.000000  0.000000  0.000000  0.000000  0.000000  0.000000  0.000000  0.000000  0.000000  0.000000  0.000000  0.000000  0.000000  0.000200  0.000400  0.000600  0.000000  0.000800  0.000400  0.000000  0.000200  0.002000  0.003200  0.002600  0.166600  0.000000
 2600  0.000000  0.000000  0.000000  0.000000  0.000000  0.000000  0.000000  0.000000  0.000000  0.000000  0.000000  0.000000  0.000000  0.000000  0.000000  0.000000  0.000000  0.000000  0.000000  0.000000  0.000200  0.000200  0.000600  0.000600  0.000000  0.000200  0.000000  0.001600  0.003200  0.003000  0.168400  0.000000
 2700  0.000000  0.000000  0.000000  0.000000  0.000000  0.000000  0.000000  0.000000  0.000000  0.000000  0.000000  0.000000  0.000000  0.000000  0.000000  0.000000  0.000000  0.000000  0.000200  0.000600  0.000400  0.000400  0.000600  0.000400  0.000400  0.000200  0.000000  0.001600  0.001400  0.002200  0.161800  0.000000
 2800  0.000000  0.000000  0.000000  0.000000  0.000000  0.000000  0.000000  0.000000  0.000000  0.000000  0.000000  0.000000  0.000000  0.000000  0.000000  0.000000  0.000000  0.000000  0.000000  0.000400  0.000400  0.000200  0.000400  0.000000  0.000400  0.000000  0.000000  0.001000  0.001600  0.003000  0.148000  0.000000
 2900  0.000000  0.000000  0.000000  0.000000  0.000000  0.000000  0.000000  0.000000  0.000000  0.000000  0.000000  0.000000  0.000000  0.000000  0.000000  0.000200  0.000000  0.000000  0.000200  0.000000  0.000200  0.000400  0.000200  0.000200  0.000400  0.000400  0.000000  0.001000  0.000800  0.002600  0.142600  0.000000
 3000  0.000000  0.000000  0.000000  0.000000  0.000000  0.000000  0.000000  0.000000  0.000000  0.000000  0.000000  0.000000  0.000000  0.000000  0.000000  0.000000  0.000000  0.000200  0.000000  0.000000  0.000200  0.000600  0.000200  0.000800  0.000600  0.000200  0.000000  0.001000  0.003200  0.001600  0.141600  0.000000
 3100  0.000000  0.000000  0.000000  0.000000  0.000000  0.000000  0.000000  0.000000  0.000000  0.000000  0.000000  0.000000  0.000000  0.000000  0.000000  0.000000  0.000000  0.000000  0.000200  0.000200  0.000200  0.000600  0.000000  0.000000  0.000200  0.000000  0.000000  0.001000  0.001000  0.001200  0.137600  0.000000
 3200  0.000000  0.000000  0.000000  0.000000  0.000000  0.000000  0.000000  0.000000  0.000000  0.000000  0.000000  0.000000  0.000000  0.000000  0.000000  0.000000  0.000000  0.000000  0.000000  0.000400  0.000400  0.000400  0.000200  0.000400  0.000200  0.000000  0.000000  0.000800  0.001000  0.001600  0.121200  0.000000
 3300  0.000000  0.000000  0.000000  0.000000  0.000000  0.000000  0.000000  0.000000  0.000000  0.000000  0.000000  0.000000  0.000000  0.000000  0.000000  0.000000  0.000000  0.000000  0.000000  0.000200  0.000000  0.000400  0.000200  0.000600  0.000000  0.000200  0.000000  0.000600  0.001200  0.001400  0.121600  0.000000
 3400  0.000000  0.000000  0.000000  0.000000  0.000000  0.000000  0.000000  0.000000  0.000000  0.000000  0.000000  0.000000  0.000000  0.000000  0.000000  0.000000  0.000000  0.000000  0.000000  0.000000  0.000400  0.000400  0.000200  0.000000  0.000000  0.000000  0.000000  0.001200  0.001600  0.000600  0.128800  0.000000
 3500  0.000000  0.000000  0.000000  0.000000  0.000000  0.000000  0.000000  0.000000  0.000000  0.000000  0.000000  0.000000  0.000000  0.000000  0.000000  0.000000  0.000000  0.000000  0.000000  0.000200  0.000000  0.000000  0.000000  0.000000  0.000000  0.000200  0.000000  0.000200  0.000800  0.001400  0.119600  0.000000
 3600  0.000000  0.000000  0.000000  0.000000  0.000000  0.000000  0.000000  0.000000  0.000000  0.000000  0.000000  0.000000  0.000000  0.000000  0.000000  0.000000  0.000000  0.000000  0.000000  0.000200  0.000000  0.000000  0.000200  0.000400  0.000000  0.000200  0.000000  0.000200  0.001600  0.000800  0.122000  0.000000
 3700  0.000000  0.000000  0.000000  0.000000  0.000000  0.000000  0.000000  0.000000  0.000000  0.000000  0.000000  0.000000  0.000000  0.000000  0.000000  0.000000  0.000000  0.000000  0.000000  0.000200  0.000000  0.000200  0.000200  0.000400  0.000000  0.000000  0.000000  0.000600  0.000400  0.000600  0.108400  0.000000
 3800  0.000000  0.000000  0.000000  0.000000  0.000000  0.000000  0.000000  0.000000  0.000000  0.000000  0.000000  0.000000  0.000000  0.000000  0.000000  0.000000  0.000200  0.000000  0.000000  0.000200  0.000400  0.000400  0.000200  0.000200  0.000200  0.000000  0.000000  0.000600  0.000200  0.000400  0.116200  0.000000
 3900  0.000000  0.000000  0.000000  0.000000  0.000000  0.000000  0.000000  0.000000  0.000000  0.000000  0.000000  0.000000  0.000000  0.000000  0.000000  0.000000  0.000000  0.000000  0.000000  0.000000  0.000400  0.000200  0.000000  0.000200  0.000000  0.000000  0.000000  0.000800  0.000800  0.000600  0.110400  0.000000
 4000  0.000000  0.000000  0.000000  0.000000  0.000000  0.000000  0.000000  0.000000  0.000000  0.000000  0.000000  0.000000  0.000000  0.000000  0.000000  0.000000  0.000000  0.000000  0.000000  0.000000  0.000200  0.000000  0.000000  0.000200  0.000000  0.000000  0.000000  0.000200  0.000200  0.000200  0.107000  0.000000
