#thc PSIF CALIBRATION FILE VERSION 2, see thm_sst_build_cal_files.pro for detailed descriptions of each parameter
1970-01-01/00:00:00 25 36 46 59 75 115 168 243 346 492 812 1453 6315 6485 6485 6485 37 48 65 77 116 175 245 348 494 813 1455 6500 6485 6485 6485 6485 0.00000 0.100000 1.00000 1.00000 1.00000 1.00000 1.00000 7.00000 4.00000 7.00000 0.0156250 1.00000 1.00000 1.00000 1.00000 1.00000 1.00000 1.00000 1.00000 1.00000 1.00000 1.00000 1.00000 1.00000 1.00000 1.00000 1.00000
2008-07-01/00:00:00 25 36 46 59 75 115 168 243 346 492 812 1453 6315 6485 6485 6485 37 48 65 77 116 175 245 348 494 813 1455 6500 6485 6485 6485 6485 0.00000 0.100000 1.00000 1.00000 1.00000 1.00000 1.00000 7.00000 4.00000 10.0000 0.0156250 1.00000 1.00000 1.00000 1.00000 1.00000 1.00000 1.00000 1.00000 1.00000 1.00000 1.00000 1.00000 1.00000 1.00000 1.00000 1.00000
2008-12-20/00:00:00 25 36 46 59 75 115 168 243 346 492 812 1453 6315 6485 6485 6485 37 48 65 77 116 175 245 348 494 813 1455 6500 6485 6485 6485 6485 0.00000 0.100000 1.00000 1.00000 1.00000 1.00000 3.00000 7.00000 5.00000 12.0000 0.0156250 1.00000 1.00000 1.00000 1.00000 1.00000 1.00000 1.00000 1.00000 1.00000 1.00000 1.00000 1.00000 1.00000 1.00000 1.00000 1.00000
2009-06-26/00:00:00 25 36 46 59 75 115 168 243 346 492 812 1453 6315 6485 6485 6485 37 48 65 77 116 175 245 348 494 813 1455 6500 6485 6485 6485 6485 0.00000 0.100000 1.00000 1.00000 1.00000 1.00000 7.00000 7.00000 10.0000 18.0000 0.0156250 1.00000 1.00000 1.00000 1.00000 1.00000 1.00000 1.00000 1.00000 1.00000 1.00000 1.00000 1.00000 1.00000 1.00000 1.00000 1.00000
2009-12-30/00:00:00 25 36 46 59 75 115 168 243 346 492 812 1453 6315 6485 6485 6485 37 48 65 77 116 175 245 348 494 813 1455 6500 6485 6485 6485 6485 0.00000 0.100000 1.00000 1.00000 1.00000 1.00000 7.00000 7.00000 12.0000 22.0000 0.0156250 1.00000 1.00000 1.00000 1.00000 1.00000 1.00000 1.00000 1.00000 1.00000 1.00000 1.00000 1.00000 1.00000 1.00000 1.00000 1.00000
2010-07-17/00:00:00 25 36 46 59 75 115 168 243 346 492 812 1453 6315 6485 6485 6485 37 48 65 77 116 175 245 348 494 813 1455 6500 6485 6485 6485 6485 0.00000 0.100000 1.00000 1.00000 1.00000 1.00000 9.00000 12.0000 15.0000 22.0000 0.0156250 1.00000 1.00000 1.00000 1.00000 1.00000 1.00000 1.00000 1.00000 1.00000 1.00000 1.00000 1.00000 1.00000 1.00000 1.00000 1.00000
2011-02-01/00:00:00 25 36 46 59 75 115 168 243 346 492 812 1453 6315 6485 6485 6485 37 48 65 77 116 175 245 348 494 813 1455 6500 6485 6485 6485 6485 0.00000 0.100000 1.00000 1.00000 1.00000 1.00000 9.00000 12.0000 15.0000 22.0000 0.0156250 1.00000 1.00000 1.00000 1.00000 1.00000 1.00000 1.00000 1.00000 1.00000 1.00000 1.00000 1.00000 1.00000 1.00000 1.00000 1.00000
2011-08-14/00:00:00 25 36 46 59 75 115 168 243 346 492 812 1453 6315 6485 6485 6485 37 48 65 77 116 175 245 348 494 813 1455 6500 6485 6485 6485 6485 0.00000 0.100000 1.00000 1.00000 1.00000 1.00000 10.0000 12.0000 18.0000 32.0000 0.0156250 1.00000 1.00000 1.00000 1.00000 1.00000 1.00000 1.00000 1.00000 1.00000 1.00000 1.00000 1.00000 1.00000 1.00000 1.00000 1.00000
2012-03-08/00:00:00 25 36 46 59 75 115 168 243 346 492 812 1453 6315 6485 6485 6485 37 48 65 77 116 175 245 348 494 813 1455 6500 6485 6485 6485 6485 0.00000 0.100000 1.00000 1.00000 1.00000 1.00000 10.0000 12.0000 19.0000 34.0000 0.0156250 1.00000 1.00000 1.00000 1.00000 1.00000 1.00000 1.00000 1.00000 1.00000 1.00000 1.00000 1.00000 1.00000 1.00000 1.00000 1.00000
