#Electron Cross Contamination, beams incident through Open side
#Einc(keV)     EffOpenChs1-12     EffOpen-ThickChs1-2     EffThickCh1     EffFoilChs1-12     EffFoil-ThickChs1-3     EffFTOChs1-2
#--------------------------------------------------------------------------------------------------------------------------------
  295  0.000000  0.000000  0.000000  0.000000  0.000000  0.000000  0.000000  0.000000  0.000000  0.000000  0.000000  0.000000  0.000000  0.000000  0.000000  0.000000  0.000000  0.000000  0.000000  0.000000  0.000000  0.000000  0.000000  0.000000  0.000000  0.000000  0.000000  0.000000  0.000000  0.000000  0.000000  0.000000
  300  0.003000  0.004400  0.002600  0.010400  0.022800  0.041600  0.040200  0.846600  0.000000  0.000000  0.000000  0.000000  0.000000  0.000000  0.000000  0.000000  0.000000  0.000000  0.000000  0.000000  0.000000  0.000000  0.000000  0.000000  0.000000  0.000000  0.000000  0.000000  0.000000  0.000000  0.000000  0.000000
  310  0.002600  0.002400  0.005200  0.006600  0.024600  0.040000  0.035600  0.833800  0.000000  0.000000  0.000000  0.000000  0.000000  0.000000  0.000000  0.000000  0.000000  0.000000  0.000000  0.000000  0.000000  0.000000  0.000000  0.000000  0.000000  0.000000  0.000000  0.000000  0.000000  0.000000  0.000000  0.000000
  320  0.002000  0.003200  0.005600  0.004600  0.022600  0.036400  0.037200  0.810800  0.000000  0.000000  0.000000  0.000000  0.000000  0.000000  0.000000  0.000000  0.000000  0.000000  0.000000  0.000000  0.000000  0.000000  0.000000  0.000000  0.000000  0.000000  0.000000  0.000000  0.000000  0.000000  0.000000  0.000000
  330  0.001000  0.002000  0.002800  0.006200  0.022400  0.038600  0.037000  0.779400  0.000000  0.000000  0.000000  0.000000  0.000000  0.000000  0.000000  0.000000  0.000000  0.000000  0.000000  0.000000  0.000000  0.000000  0.000000  0.000000  0.000000  0.000000  0.000000  0.000000  0.000000  0.000000  0.000000  0.000000
  340  0.002600  0.001200  0.002600  0.005400  0.019800  0.039000  0.040400  0.750800  0.000000  0.000000  0.000000  0.000000  0.000000  0.000000  0.000000  0.000000  0.000000  0.000000  0.000000  0.000000  0.000000  0.000000  0.000000  0.000000  0.000000  0.000000  0.000000  0.000000  0.000000  0.000000  0.000000  0.000000
  350  0.001800  0.002400  0.003400  0.007200  0.021800  0.035400  0.044200  0.025200  0.686200  0.000000  0.000000  0.000000  0.000000  0.000000  0.000000  0.000000  0.000000  0.000000  0.000000  0.000000  0.000000  0.000000  0.000000  0.000000  0.000000  0.000000  0.000000  0.000000  0.000000  0.000000  0.000000  0.000000
  360  0.001000  0.002000  0.003800  0.005000  0.016600  0.035400  0.038800  0.030400  0.661200  0.000000  0.000000  0.000000  0.000000  0.000000  0.000000  0.000000  0.000000  0.000000  0.000000  0.000000  0.000000  0.000000  0.000000  0.000000  0.000000  0.000000  0.000000  0.000000  0.000000  0.000000  0.000000  0.000000
  370  0.001200  0.001600  0.001600  0.003200  0.016600  0.035600  0.040600  0.029200  0.619000  0.000000  0.000000  0.000000  0.000000  0.000000  0.000000  0.000000  0.000000  0.000000  0.000000  0.000000  0.000000  0.000000  0.000000  0.000000  0.000000  0.000000  0.000000  0.000000  0.000000  0.000000  0.000000  0.000000
  380  0.001000  0.001400  0.002200  0.004600  0.014800  0.030400  0.040000  0.032400  0.575600  0.000000  0.000000  0.000000  0.000000  0.000000  0.000000  0.000000  0.000000  0.000000  0.000000  0.000000  0.000000  0.000000  0.000000  0.000000  0.000000  0.000000  0.000000  0.000000  0.000000  0.000000  0.000000  0.000000
  390  0.001000  0.001000  0.001600  0.002200  0.014400  0.026800  0.039200  0.031200  0.554200  0.000000  0.000000  0.000000  0.000000  0.000000  0.000000  0.000000  0.000000  0.000000  0.000000  0.000000  0.000000  0.000000  0.000000  0.000000  0.000000  0.000000  0.000000  0.000000  0.000000  0.000000  0.000000  0.000000
  400  0.001400  0.000800  0.002200  0.002600  0.013000  0.028600  0.042200  0.036000  0.520200  0.000000  0.000000  0.000000  0.000000  0.000000  0.000000  0.000000  0.000000  0.000000  0.000000  0.000000  0.000000  0.000000  0.000000  0.000000  0.000000  0.000000  0.000000  0.000000  0.000000  0.000000  0.000000  0.000000
  410  0.000800  0.000600  0.001400  0.002200  0.011800  0.027000  0.041800  0.031000  0.484000  0.000000  0.000000  0.000000  0.000000  0.000000  0.000000  0.000000  0.000000  0.000000  0.000000  0.000000  0.000000  0.000000  0.000000  0.000000  0.000000  0.000000  0.000000  0.000000  0.000000  0.000000  0.000000  0.000000
  420  0.000400  0.001600  0.001600  0.003000  0.010000  0.022200  0.036400  0.033400  0.453800  0.000000  0.000000  0.000000  0.000000  0.000000  0.000000  0.000000  0.000000  0.000000  0.000000  0.000000  0.000000  0.000000  0.000000  0.000000  0.000000  0.000000  0.000000  0.000000  0.000000  0.000000  0.000000  0.000000
  430  0.001600  0.000400  0.001200  0.004200  0.011000  0.024200  0.040000  0.036400  0.418600  0.000000  0.000000  0.000000  0.000000  0.000000  0.000000  0.000000  0.000000  0.000000  0.000000  0.000000  0.000000  0.000000  0.000000  0.000000  0.000000  0.000000  0.000000  0.000000  0.000000  0.000000  0.000000  0.000000
  440  0.000400  0.001400  0.002200  0.002600  0.007600  0.021800  0.035000  0.041600  0.400200  0.000000  0.000000  0.000000  0.000000  0.000000  0.000000  0.000000  0.000000  0.000000  0.000000  0.000000  0.000000  0.000000  0.000000  0.000000  0.000000  0.000000  0.000000  0.000000  0.000000  0.000000  0.000000  0.000000
  450  0.000800  0.000600  0.001200  0.002800  0.008000  0.025800  0.030400  0.038600  0.370800  0.000000  0.000000  0.000000  0.000000  0.000000  0.000000  0.000000  0.000000  0.000000  0.000000  0.000000  0.000000  0.000000  0.000000  0.000000  0.000000  0.000000  0.000000  0.000000  0.000000  0.000000  0.000000  0.000000
  460  0.000600  0.001600  0.002000  0.003000  0.008400  0.018400  0.039600  0.039800  0.337600  0.000000  0.000000  0.000000  0.000000  0.000000  0.000000  0.000000  0.000000  0.000000  0.000000  0.000000  0.000000  0.000000  0.000000  0.000000  0.000000  0.000000  0.000000  0.000000  0.000000  0.000000  0.000000  0.000000
  470  0.000400  0.001000  0.001000  0.003000  0.010400  0.021000  0.031400  0.038600  0.324200  0.000000  0.000000  0.000000  0.000000  0.000000  0.000000  0.000000  0.000000  0.000000  0.000000  0.000000  0.000000  0.000000  0.000000  0.000000  0.000000  0.000000  0.000000  0.000000  0.000000  0.000000  0.000000  0.000000
  480  0.000800  0.002000  0.001600  0.001800  0.007600  0.020000  0.031600  0.039400  0.289400  0.000000  0.000000  0.000000  0.000000  0.000000  0.000000  0.000000  0.000000  0.000000  0.000000  0.000000  0.000000  0.000000  0.000000  0.000000  0.000000  0.000000  0.000000  0.000000  0.000000  0.000000  0.000000  0.000000
  490  0.000800  0.000200  0.001400  0.001400  0.009000  0.015400  0.034600  0.037400  0.025600  0.259000  0.000000  0.000000  0.000000  0.000000  0.000000  0.000000  0.000000  0.000000  0.000000  0.000000  0.000000  0.000000  0.000000  0.000000  0.000000  0.000000  0.000000  0.000000  0.000000  0.000000  0.000000  0.000000
  500  0.000200  0.001000  0.002000  0.002800  0.007600  0.013800  0.032600  0.041000  0.024200  0.236200  0.000000  0.000000  0.000000  0.000000  0.000000  0.000000  0.000000  0.000000  0.000000  0.000000  0.000000  0.000000  0.000000  0.000000  0.000000  0.000000  0.000000  0.000000  0.000000  0.000000  0.000000  0.000000
  510  0.000600  0.001000  0.001000  0.001600  0.005400  0.018800  0.033200  0.040600  0.022000  0.222800  0.000000  0.000000  0.000000  0.000000  0.000000  0.000000  0.000000  0.000000  0.000000  0.000000  0.000000  0.000000  0.000000  0.000000  0.000000  0.000000  0.000000  0.000000  0.000000  0.000000  0.000000  0.000000
  520  0.000800  0.000600  0.001400  0.003000  0.005400  0.014200  0.030400  0.040400  0.025600  0.201200  0.000000  0.000000  0.000000  0.000000  0.000000  0.000000  0.000000  0.000000  0.000000  0.000000  0.000000  0.000000  0.000000  0.000000  0.000000  0.000000  0.000000  0.000000  0.000000  0.000000  0.000000  0.000000
  530  0.000200  0.000800  0.000200  0.002200  0.005200  0.013200  0.035200  0.036000  0.027000  0.188600  0.000000  0.000000  0.000000  0.000000  0.000000  0.000000  0.000000  0.000000  0.000000  0.000000  0.000000  0.000000  0.000000  0.000000  0.000000  0.000000  0.000000  0.000000  0.000000  0.000000  0.000000  0.000000
  540  0.000400  0.000400  0.000400  0.001800  0.005600  0.015800  0.028800  0.041000  0.027000  0.170600  0.000000  0.000000  0.000000  0.000000  0.000000  0.000000  0.000000  0.000000  0.000000  0.000000  0.000000  0.000000  0.000000  0.000000  0.000000  0.000000  0.000000  0.000000  0.000000  0.000000  0.000000  0.000000
  550  0.000800  0.000400  0.000600  0.001600  0.005400  0.014400  0.028200  0.034800  0.030600  0.161800  0.000000  0.000000  0.000000  0.000000  0.000000  0.000000  0.000000  0.000000  0.000000  0.000000  0.000000  0.000000  0.000000  0.000000  0.000000  0.000000  0.000000  0.000000  0.000000  0.000000  0.000000  0.000000
  560  0.000800  0.000400  0.001200  0.001400  0.006200  0.013000  0.023800  0.034800  0.032400  0.138400  0.000000  0.000000  0.000000  0.000000  0.000000  0.000000  0.000000  0.000000  0.000000  0.000000  0.000000  0.000000  0.000000  0.000000  0.000000  0.000000  0.000000  0.000000  0.000000  0.000000  0.000000  0.000000
  570  0.000600  0.000600  0.000600  0.001000  0.005400  0.014000  0.026000  0.035400  0.033600  0.137400  0.000000  0.000000  0.000000  0.000000  0.000000  0.000000  0.000000  0.000000  0.000000  0.000000  0.000000  0.000000  0.000000  0.000000  0.000000  0.000000  0.000000  0.000000  0.000000  0.000000  0.000000  0.000000
  580  0.000600  0.000000  0.000200  0.002000  0.006000  0.012400  0.024000  0.035000  0.028000  0.122800  0.000000  0.000000  0.000000  0.000000  0.000000  0.000000  0.000000  0.000000  0.000000  0.000000  0.000000  0.000000  0.000000  0.000000  0.000000  0.000000  0.000000  0.000000  0.000000  0.000000  0.000000  0.000000
  590  0.000400  0.000400  0.001000  0.001200  0.004000  0.010000  0.021400  0.035600  0.031600  0.113800  0.000000  0.000000  0.000000  0.000000  0.000000  0.000000  0.000000  0.000000  0.000000  0.000000  0.000000  0.000000  0.000000  0.000000  0.000000  0.000000  0.000000  0.000000  0.000000  0.000000  0.000000  0.000000
  600  0.000400  0.000400  0.001000  0.001400  0.003200  0.012000  0.023000  0.039200  0.024800  0.104400  0.000000  0.000000  0.000000  0.000000  0.000000  0.000000  0.000000  0.000000  0.000000  0.000000  0.000000  0.000000  0.000000  0.000000  0.000000  0.000000  0.000000  0.000000  0.000000  0.000000  0.000000  0.000000
  610  0.000600  0.001000  0.000800  0.001600  0.004200  0.010800  0.020800  0.033000  0.035800  0.101600  0.000000  0.000000  0.000000  0.000000  0.000000  0.000000  0.000000  0.000000  0.000000  0.000000  0.000000  0.000000  0.000000  0.000000  0.000000  0.000000  0.000000  0.000000  0.000000  0.000000  0.000000  0.000000
  620  0.000000  0.000600  0.001000  0.001200  0.002600  0.010600  0.022000  0.031800  0.036000  0.088400  0.000000  0.000000  0.000000  0.000000  0.000000  0.000000  0.000000  0.000000  0.000000  0.000000  0.000000  0.000000  0.000000  0.000000  0.000000  0.000000  0.000000  0.000000  0.000000  0.000000  0.000000  0.000000
  630  0.000200  0.000400  0.000400  0.001600  0.005200  0.009400  0.020800  0.030000  0.029000  0.081000  0.000000  0.000000  0.000000  0.000000  0.000000  0.000000  0.000000  0.000000  0.000000  0.000000  0.000000  0.000000  0.000000  0.000000  0.000000  0.000000  0.000000  0.000000  0.000000  0.000000  0.000000  0.000000
  640  0.000200  0.000800  0.000800  0.000600  0.002800  0.008600  0.020200  0.031000  0.027000  0.072800  0.000000  0.000000  0.000000  0.000000  0.000000  0.000000  0.000000  0.000000  0.000000  0.000000  0.000000  0.000000  0.000000  0.000000  0.000000  0.000000  0.000000  0.000000  0.000000  0.000000  0.000600  0.000000
  650  0.000000  0.000200  0.000800  0.000800  0.004600  0.008000  0.016800  0.032000  0.024200  0.079000  0.000000  0.000000  0.000000  0.000000  0.000000  0.000000  0.000000  0.000000  0.000000  0.000000  0.000000  0.000000  0.000000  0.000000  0.000000  0.000000  0.000000  0.000000  0.000000  0.000000  0.031000  0.000000
  660  0.000000  0.000400  0.000400  0.000600  0.003000  0.008600  0.015600  0.029600  0.027000  0.071000  0.000000  0.000000  0.000000  0.000000  0.000000  0.000000  0.000000  0.000000  0.000000  0.000000  0.000000  0.000000  0.000000  0.000000  0.000000  0.000000  0.000000  0.000000  0.000000  0.000000  0.045200  0.000000
  670  0.000200  0.000200  0.000800  0.001600  0.003200  0.007200  0.016200  0.030600  0.024800  0.060800  0.000000  0.000000  0.000000  0.000000  0.000000  0.000000  0.000000  0.000000  0.000000  0.000000  0.000000  0.000000  0.000000  0.000000  0.000000  0.000000  0.000000  0.000000  0.000000  0.000000  0.054400  0.000000
  680  0.000400  0.000200  0.000200  0.000600  0.002800  0.008200  0.017400  0.023800  0.027000  0.060000  0.000000  0.000000  0.000000  0.000000  0.000000  0.000000  0.000000  0.000000  0.000000  0.000000  0.000000  0.000000  0.000000  0.000000  0.000000  0.000000  0.000000  0.000000  0.000000  0.000000  0.069000  0.000000
  690  0.000200  0.000200  0.000800  0.001400  0.002400  0.008000  0.017000  0.028200  0.021800  0.050400  0.000000  0.000000  0.000000  0.000000  0.000000  0.000000  0.000000  0.000000  0.000000  0.000000  0.000000  0.000000  0.000000  0.000000  0.000000  0.000000  0.000000  0.000000  0.000000  0.000000  0.075400  0.000000
  700  0.000200  0.000200  0.000800  0.000800  0.001600  0.007000  0.015400  0.025200  0.024800  0.053000  0.000000  0.000000  0.000000  0.000000  0.000000  0.000000  0.000000  0.000000  0.000000  0.000000  0.000000  0.000000  0.000000  0.000000  0.000000  0.000000  0.000000  0.000000  0.000000  0.000000  0.086600  0.000000
  710  0.000200  0.000400  0.000000  0.000800  0.003200  0.006400  0.016400  0.027200  0.025400  0.041200  0.000000  0.000000  0.000000  0.000000  0.000000  0.000000  0.000000  0.000000  0.000000  0.000000  0.000000  0.000000  0.000000  0.000000  0.000000  0.000000  0.000000  0.000000  0.000000  0.000000  0.100200  0.000000
  720  0.000400  0.000600  0.000400  0.000600  0.002400  0.006400  0.011600  0.021400  0.026400  0.047000  0.000000  0.000000  0.000000  0.000000  0.000000  0.000000  0.000000  0.000000  0.000000  0.000000  0.000000  0.000000  0.000000  0.000000  0.000000  0.000000  0.000000  0.000000  0.000000  0.000000  0.110200  0.000000
  730  0.000200  0.000200  0.001600  0.000600  0.002000  0.005600  0.012400  0.024400  0.019600  0.040200  0.000000  0.000000  0.000000  0.000000  0.000000  0.000000  0.000000  0.000000  0.000000  0.000000  0.000000  0.000000  0.000000  0.000000  0.000000  0.000000  0.000000  0.000000  0.000000  0.000000  0.126800  0.000000
  740  0.000000  0.000200  0.000800  0.000800  0.001000  0.007400  0.014000  0.021600  0.018400  0.041400  0.000000  0.000000  0.000000  0.000000  0.000000  0.000000  0.000000  0.000000  0.000000  0.000000  0.000000  0.000000  0.000000  0.000000  0.000000  0.000000  0.000000  0.000000  0.000000  0.000000  0.142000  0.000000
  750  0.000600  0.000000  0.000000  0.001200  0.002800  0.006400  0.014200  0.019600  0.021000  0.034800  0.000000  0.000000  0.000000  0.000000  0.000000  0.000000  0.000000  0.000000  0.000000  0.000000  0.000000  0.000000  0.000000  0.000000  0.000000  0.000000  0.000000  0.000000  0.000000  0.000000  0.158200  0.000000
  760  0.000200  0.000000  0.000600  0.000200  0.002800  0.007400  0.013400  0.018400  0.018400  0.031000  0.000000  0.000000  0.000000  0.000000  0.000000  0.000000  0.000000  0.000000  0.000000  0.000000  0.000000  0.000000  0.000000  0.000000  0.000000  0.000000  0.000000  0.000000  0.000000  0.000000  0.158200  0.000000
  770  0.000000  0.000000  0.001000  0.000400  0.002200  0.004400  0.009000  0.021000  0.019200  0.037200  0.000000  0.000000  0.000000  0.000000  0.000000  0.000000  0.000000  0.000000  0.000000  0.000000  0.000000  0.000000  0.000000  0.000000  0.000000  0.000000  0.000000  0.000000  0.000000  0.000000  0.180600  0.000000
  780  0.000000  0.000800  0.000400  0.001400  0.002000  0.006600  0.010400  0.016000  0.020600  0.030200  0.000000  0.000000  0.000000  0.000000  0.000000  0.000000  0.000000  0.000000  0.000000  0.000000  0.000000  0.000000  0.000000  0.000000  0.000000  0.000000  0.000000  0.000000  0.000000  0.000000  0.199600  0.000000
  790  0.000000  0.000200  0.000200  0.000600  0.002800  0.006200  0.010200  0.019600  0.018200  0.031000  0.000000  0.000000  0.000000  0.000000  0.000000  0.000000  0.000000  0.000000  0.000000  0.000000  0.000000  0.000000  0.000000  0.000000  0.000000  0.000000  0.000000  0.000000  0.000000  0.000000  0.207200  0.000000
  800  0.000000  0.000200  0.000600  0.000200  0.002000  0.005600  0.009200  0.019600  0.017400  0.028000  0.000000  0.000000  0.000000  0.000000  0.000000  0.000000  0.000000  0.000000  0.000000  0.000000  0.000000  0.000000  0.000000  0.000000  0.000000  0.000000  0.000000  0.000000  0.000000  0.000000  0.220800  0.000000
  810  0.000200  0.000400  0.000600  0.000400  0.002000  0.005400  0.011800  0.016600  0.018000  0.011000  0.012600  0.000000  0.000000  0.000000  0.000000  0.000000  0.000000  0.000000  0.000000  0.000000  0.000000  0.000000  0.000000  0.000000  0.000000  0.000000  0.000000  0.000000  0.000000  0.000000  0.234400  0.000000
  820  0.000000  0.000000  0.000600  0.001000  0.001000  0.006000  0.012400  0.013200  0.015600  0.010600  0.015400  0.000000  0.000000  0.000000  0.000000  0.000000  0.000000  0.000000  0.000000  0.000000  0.000000  0.000000  0.000000  0.000000  0.000000  0.000000  0.000000  0.000000  0.000000  0.000000  0.236400  0.000000
  830  0.000200  0.000200  0.000200  0.000600  0.001600  0.004200  0.007400  0.016000  0.015000  0.012200  0.014000  0.000000  0.000000  0.000000  0.000000  0.000000  0.000000  0.000000  0.000000  0.000000  0.000000  0.000000  0.000000  0.000000  0.000000  0.000000  0.000000  0.000000  0.000000  0.000000  0.247000  0.000000
  840  0.000600  0.000400  0.000400  0.000200  0.002600  0.004000  0.008800  0.015600  0.014600  0.010400  0.011600  0.000000  0.000000  0.000000  0.000000  0.000000  0.000000  0.000000  0.000000  0.000000  0.000000  0.000000  0.000000  0.000000  0.000000  0.000000  0.000000  0.000000  0.000000  0.000000  0.249400  0.000000
  850  0.000200  0.000200  0.000800  0.000400  0.001600  0.004600  0.010800  0.013800  0.015000  0.011000  0.011600  0.000000  0.000000  0.000000  0.000000  0.000000  0.000000  0.000000  0.000000  0.000000  0.000000  0.000000  0.000000  0.000000  0.000000  0.000000  0.000000  0.000000  0.000000  0.000000  0.261200  0.000000
  860  0.000200  0.000000  0.000400  0.000400  0.001600  0.004600  0.006600  0.016800  0.012800  0.008000  0.008400  0.000000  0.000000  0.000000  0.000000  0.000000  0.000000  0.000000  0.000000  0.000000  0.000000  0.000000  0.000000  0.000000  0.000000  0.000000  0.000000  0.000000  0.000000  0.000000  0.281000  0.000000
  870  0.000000  0.000200  0.000800  0.000000  0.002200  0.005200  0.009000  0.012600  0.016000  0.007800  0.008200  0.000000  0.000000  0.000000  0.000000  0.000000  0.000000  0.000000  0.000000  0.000000  0.000000  0.000000  0.000000  0.000000  0.000000  0.000000  0.000000  0.000000  0.000000  0.000000  0.279600  0.000000
  880  0.000200  0.000400  0.000400  0.001000  0.002000  0.003200  0.008800  0.012000  0.013200  0.009000  0.008800  0.000000  0.000000  0.000000  0.000000  0.000000  0.000000  0.000000  0.000000  0.000000  0.000000  0.000000  0.000000  0.000000  0.000000  0.000000  0.000000  0.000000  0.000000  0.000000  0.288800  0.000000
  890  0.000200  0.000200  0.000400  0.000400  0.001400  0.004400  0.009800  0.015000  0.011400  0.009200  0.009200  0.000000  0.000000  0.000000  0.000000  0.000000  0.000000  0.000000  0.000000  0.000000  0.000000  0.000000  0.000000  0.000000  0.000000  0.000000  0.000000  0.000000  0.000000  0.000000  0.300000  0.000000
  900  0.000000  0.000200  0.000200  0.000800  0.001800  0.005400  0.006800  0.013000  0.012800  0.008800  0.006400  0.000000  0.000000  0.000000  0.000000  0.000000  0.000000  0.000000  0.000000  0.000000  0.000000  0.000000  0.000000  0.000000  0.000000  0.000000  0.000000  0.000000  0.000000  0.000000  0.315600  0.000000
  910  0.000400  0.000200  0.000600  0.000400  0.001000  0.005400  0.005200  0.011800  0.010000  0.008000  0.006800  0.000000  0.000000  0.000000  0.000000  0.000000  0.000000  0.000000  0.000000  0.000000  0.000000  0.000000  0.000000  0.000000  0.000000  0.000000  0.000000  0.000000  0.000000  0.000000  0.312400  0.000000
  920  0.000200  0.000400  0.000200  0.000600  0.001800  0.004600  0.004600  0.009600  0.010200  0.007600  0.006800  0.000000  0.000000  0.000000  0.000000  0.000000  0.000000  0.000000  0.000000  0.000000  0.000000  0.000000  0.000000  0.000000  0.000000  0.000000  0.000000  0.000000  0.000000  0.000000  0.319600  0.000000
  930  0.000000  0.000800  0.000600  0.000400  0.002600  0.004000  0.006600  0.013600  0.010000  0.007800  0.005000  0.000000  0.000000  0.000000  0.000000  0.000000  0.000000  0.000000  0.000000  0.000000  0.000000  0.000000  0.000000  0.000000  0.000000  0.000000  0.000000  0.000000  0.000000  0.000000  0.312800  0.000000
  940  0.000000  0.000000  0.000600  0.001000  0.001600  0.003200  0.006400  0.010000  0.012600  0.010800  0.005000  0.000000  0.000000  0.000000  0.000000  0.000000  0.000000  0.000000  0.000000  0.000000  0.000000  0.000000  0.000000  0.000000  0.000000  0.000000  0.000000  0.000000  0.000000  0.000000  0.334400  0.000000
  950  0.000200  0.000000  0.000200  0.000400  0.002000  0.005400  0.006000  0.010000  0.009800  0.008400  0.004600  0.000000  0.000000  0.000000  0.000000  0.000000  0.000000  0.000000  0.000000  0.000000  0.000000  0.000000  0.000000  0.000000  0.000000  0.000000  0.000000  0.000000  0.000000  0.000000  0.325200  0.000000
  960  0.000000  0.000600  0.000000  0.000400  0.000600  0.004400  0.005400  0.008200  0.010800  0.008000  0.004600  0.000000  0.000000  0.000000  0.000000  0.000000  0.000000  0.000000  0.000000  0.000000  0.000000  0.000000  0.000000  0.000000  0.000000  0.000000  0.000000  0.000000  0.000000  0.000000  0.330800  0.000000
  970  0.000400  0.000200  0.000000  0.000200  0.002800  0.003400  0.007000  0.009600  0.011000  0.007400  0.004000  0.000000  0.000000  0.000000  0.000000  0.000000  0.000000  0.000000  0.000000  0.000000  0.000000  0.000000  0.000000  0.000000  0.000000  0.000000  0.000000  0.000000  0.000000  0.000000  0.344000  0.000000
  980  0.000000  0.000000  0.000600  0.000400  0.001800  0.004400  0.006800  0.008800  0.009400  0.008400  0.004400  0.000000  0.000000  0.000000  0.000000  0.000000  0.000000  0.000000  0.000000  0.000000  0.000000  0.000000  0.000000  0.000000  0.000000  0.000000  0.000000  0.000000  0.000000  0.000000  0.327600  0.000000
  990  0.000200  0.000600  0.000200  0.000200  0.001200  0.002200  0.003800  0.008200  0.006800  0.007400  0.002800  0.000000  0.000000  0.000000  0.000000  0.000000  0.000000  0.000000  0.000000  0.000000  0.000000  0.000000  0.000000  0.000000  0.000000  0.000000  0.000000  0.000000  0.000000  0.000000  0.360000  0.000000
 1000  0.000000  0.000000  0.000200  0.000800  0.001000  0.003200  0.005800  0.007400  0.006600  0.006400  0.002400  0.000000  0.000000  0.000000  0.000000  0.000000  0.000000  0.000000  0.000000  0.000000  0.000000  0.000000  0.000000  0.000000  0.000000  0.000000  0.000000  0.000000  0.000000  0.000000  0.348800  0.000000
 1050  0.000000  0.000000  0.000000  0.000400  0.001600  0.003200  0.005600  0.007400  0.005600  0.004600  0.003600  0.000000  0.000000  0.000000  0.000000  0.000000  0.000000  0.000000  0.000000  0.000000  0.000000  0.000000  0.000000  0.000000  0.000000  0.000000  0.000000  0.000000  0.000000  0.000000  0.362600  0.000000
 1100  0.000000  0.000000  0.000000  0.000400  0.001600  0.002600  0.006600  0.005400  0.007000  0.004000  0.001400  0.000000  0.000000  0.000000  0.000000  0.000000  0.000000  0.000000  0.000000  0.000000  0.000000  0.000000  0.000000  0.000000  0.000000  0.000000  0.000000  0.000000  0.000000  0.000000  0.369000  0.000000
 1150  0.000000  0.000000  0.000000  0.000600  0.001400  0.002400  0.003200  0.003600  0.004600  0.003600  0.001600  0.000000  0.000000  0.000000  0.000000  0.000000  0.000000  0.000000  0.000000  0.000000  0.000000  0.000000  0.000000  0.000000  0.000000  0.000000  0.000000  0.000000  0.000000  0.000000  0.373200  0.000000
 1200  0.000000  0.000000  0.000000  0.000200  0.000600  0.002200  0.002800  0.002800  0.003400  0.002400  0.002200  0.000000  0.000000  0.000000  0.000000  0.000000  0.000000  0.000000  0.000000  0.000000  0.000000  0.000000  0.000000  0.000000  0.000000  0.000000  0.000000  0.000000  0.000000  0.000000  0.378400  0.000000
 1250  0.000000  0.000000  0.000000  0.000200  0.001200  0.002200  0.003000  0.005000  0.002000  0.002400  0.000800  0.000000  0.000000  0.000000  0.000000  0.000000  0.000000  0.000000  0.000000  0.000000  0.000000  0.000000  0.000000  0.000000  0.000000  0.000000  0.000000  0.000000  0.000000  0.000000  0.377800  0.000000
 1300  0.000000  0.000000  0.000000  0.000000  0.001400  0.001600  0.003000  0.001800  0.003200  0.002200  0.000800  0.000000  0.000000  0.000000  0.000000  0.000000  0.000000  0.000000  0.000000  0.000000  0.000000  0.000000  0.000000  0.000000  0.000000  0.000000  0.000000  0.000000  0.000000  0.000000  0.357600  0.000000
 1350  0.000000  0.000000  0.000000  0.000200  0.000600  0.001600  0.001800  0.002600  0.003400  0.002200  0.000600  0.000000  0.000000  0.000000  0.000000  0.000200  0.000000  0.000000  0.000000  0.000000  0.000000  0.000000  0.000000  0.000000  0.000000  0.000000  0.000000  0.000000  0.000000  0.000000  0.356800  0.000000
 1400  0.000000  0.000000  0.000000  0.000200  0.001400  0.000600  0.002600  0.002600  0.002600  0.003200  0.000400  0.000000  0.000000  0.000000  0.000000  0.000000  0.000000  0.000000  0.000000  0.000000  0.000000  0.000000  0.000000  0.000000  0.000000  0.000000  0.000000  0.000000  0.000000  0.000200  0.347600  0.000000
 1450  0.000000  0.000000  0.000000  0.000200  0.000400  0.001600  0.002200  0.002800  0.001800  0.001200  0.000200  0.000000  0.000000  0.000000  0.000000  0.000000  0.000000  0.000000  0.000000  0.000000  0.000000  0.000000  0.000000  0.000000  0.000000  0.000000  0.000000  0.000000  0.000000  0.000000  0.331200  0.000000
 1500  0.000000  0.000000  0.000000  0.000000  0.000400  0.001400  0.000800  0.002600  0.001800  0.001200  0.000800  0.000200  0.000000  0.000000  0.000000  0.000000  0.000000  0.000000  0.000000  0.000000  0.000000  0.000000  0.000000  0.000000  0.000000  0.000000  0.000000  0.000000  0.000000  0.000000  0.325200  0.000000
 1550  0.000000  0.000000  0.000000  0.000000  0.000800  0.001000  0.001600  0.001400  0.002400  0.000800  0.000400  0.000000  0.000000  0.000000  0.000000  0.000000  0.000000  0.000000  0.000000  0.000000  0.000000  0.000000  0.000000  0.000000  0.000000  0.000000  0.000000  0.000000  0.000000  0.000000  0.306200  0.000000
 1600  0.000000  0.000000  0.000200  0.000000  0.001000  0.000800  0.001200  0.000800  0.002600  0.001000  0.000200  0.000000  0.000000  0.000000  0.000000  0.000000  0.000000  0.000000  0.000000  0.000000  0.000000  0.000000  0.000000  0.000000  0.000000  0.000000  0.000000  0.000000  0.000000  0.000000  0.314200  0.000000
 1650  0.000000  0.000000  0.000000  0.000000  0.000400  0.000800  0.001200  0.001200  0.001600  0.001400  0.000200  0.000000  0.000000  0.000000  0.000000  0.000000  0.000000  0.000000  0.000000  0.000000  0.000000  0.000000  0.000000  0.000000  0.000000  0.000000  0.000000  0.000000  0.000000  0.000000  0.316200  0.000000
 1700  0.000000  0.000000  0.000000  0.000000  0.000400  0.000800  0.001400  0.002400  0.002000  0.001400  0.000200  0.000000  0.000000  0.000000  0.000000  0.000000  0.000000  0.000000  0.000000  0.000000  0.000000  0.000000  0.000000  0.000000  0.000000  0.000000  0.000000  0.000000  0.000000  0.000000  0.289800  0.000000
 1750  0.000000  0.000000  0.000000  0.000400  0.001400  0.000600  0.000400  0.001200  0.001200  0.000600  0.000200  0.000000  0.000000  0.000000  0.000000  0.000000  0.000000  0.000000  0.000000  0.000000  0.000000  0.000000  0.000000  0.000000  0.000000  0.000000  0.000000  0.000000  0.000000  0.000000  0.284400  0.000000
 1800  0.000000  0.000000  0.000000  0.000000  0.000600  0.000600  0.001400  0.001400  0.000400  0.000800  0.000000  0.000000  0.000000  0.000000  0.000000  0.000000  0.000000  0.000000  0.000000  0.000000  0.000000  0.000000  0.000000  0.000000  0.000000  0.000000  0.000000  0.000000  0.000000  0.000000  0.266400  0.000000
 1850  0.000000  0.000000  0.000000  0.000200  0.000600  0.000800  0.000400  0.000200  0.000200  0.000800  0.000200  0.000000  0.000000  0.000000  0.000000  0.000000  0.000000  0.000000  0.000000  0.000000  0.000000  0.000000  0.000000  0.000000  0.000000  0.000000  0.000000  0.000000  0.000000  0.000000  0.265800  0.000000
 1900  0.000000  0.000000  0.000200  0.000000  0.000400  0.001400  0.001600  0.000600  0.000800  0.002000  0.000400  0.000000  0.000000  0.000000  0.000000  0.000000  0.000000  0.000000  0.000000  0.000000  0.000000  0.000000  0.000000  0.000000  0.000000  0.000000  0.000000  0.000000  0.000000  0.000000  0.255800  0.000000
 1950  0.000000  0.000000  0.000000  0.000000  0.000200  0.000800  0.001200  0.000600  0.001000  0.000400  0.000400  0.000000  0.000000  0.000000  0.000000  0.000000  0.000000  0.000000  0.000000  0.000000  0.000000  0.000000  0.000000  0.000000  0.000000  0.000000  0.000000  0.000000  0.000000  0.000000  0.246800  0.000000
 2000  0.000000  0.000000  0.000000  0.000000  0.000400  0.001200  0.001000  0.000800  0.002200  0.000200  0.000200  0.000000  0.000000  0.000000  0.000000  0.000000  0.000000  0.000000  0.000000  0.000000  0.000000  0.000000  0.000000  0.000000  0.000000  0.000000  0.000000  0.000000  0.000000  0.000000  0.240800  0.000000
 2050  0.000000  0.000000  0.000000  0.000000  0.000200  0.000200  0.000400  0.001400  0.000600  0.000400  0.000400  0.000000  0.000000  0.000000  0.000000  0.000000  0.000000  0.000000  0.000000  0.000000  0.000000  0.000000  0.000000  0.000000  0.000000  0.000000  0.000000  0.000000  0.000000  0.000000  0.226800  0.000000
 2100  0.000000  0.000000  0.000000  0.000000  0.001200  0.000000  0.000400  0.001800  0.000800  0.000600  0.000000  0.000000  0.000000  0.000000  0.000000  0.000000  0.000000  0.000000  0.000000  0.000000  0.000000  0.000000  0.000000  0.000000  0.000000  0.000000  0.000000  0.000000  0.000000  0.000000  0.219800  0.000000
 2150  0.000000  0.000000  0.000000  0.000000  0.000200  0.000000  0.001600  0.001400  0.001000  0.000400  0.000000  0.000000  0.000000  0.000000  0.000000  0.000000  0.000000  0.000000  0.000000  0.000000  0.000000  0.000000  0.000000  0.000000  0.000000  0.000000  0.000000  0.000000  0.000000  0.000000  0.207400  0.000000
 2200  0.000000  0.000000  0.000000  0.000000  0.000400  0.000000  0.001000  0.000600  0.000200  0.000200  0.000400  0.000000  0.000000  0.000000  0.000000  0.000000  0.000000  0.000000  0.000000  0.000000  0.000000  0.000000  0.000000  0.000000  0.000000  0.000000  0.000000  0.000000  0.000000  0.000000  0.211400  0.000000
 2250  0.000000  0.000000  0.000000  0.000000  0.000200  0.000400  0.001200  0.000600  0.000400  0.000400  0.000000  0.000000  0.000000  0.000000  0.000000  0.000000  0.000000  0.000000  0.000000  0.000000  0.000000  0.000000  0.000000  0.000000  0.000000  0.000000  0.000000  0.000000  0.000000  0.000000  0.197000  0.000000
 2300  0.000000  0.000000  0.000000  0.000000  0.000200  0.000200  0.000400  0.000000  0.000400  0.001000  0.000000  0.000000  0.000000  0.000000  0.000000  0.000000  0.000000  0.000000  0.000000  0.000000  0.000000  0.000000  0.000000  0.000000  0.000000  0.000000  0.000000  0.000000  0.000000  0.000000  0.189000  0.000000
 2350  0.000000  0.000000  0.000000  0.000000  0.000200  0.000200  0.000200  0.000800  0.000800  0.001200  0.000200  0.000000  0.000000  0.000000  0.000000  0.000000  0.000000  0.000000  0.000000  0.000000  0.000000  0.000000  0.000000  0.000000  0.000000  0.000000  0.000000  0.000000  0.000000  0.000000  0.195400  0.000000
 2400  0.000000  0.000000  0.000000  0.000000  0.000600  0.000200  0.000400  0.001000  0.000200  0.000600  0.000200  0.000000  0.000000  0.000000  0.000000  0.000000  0.000000  0.000000  0.000000  0.000000  0.000000  0.000000  0.000000  0.000000  0.000000  0.000000  0.000000  0.000000  0.000000  0.000000  0.178400  0.000000
 2450  0.000000  0.000000  0.000000  0.000000  0.000400  0.001000  0.000400  0.000600  0.000600  0.000400  0.000000  0.000000  0.000000  0.000000  0.000000  0.000000  0.000000  0.000000  0.000000  0.000000  0.000000  0.000000  0.000000  0.000000  0.000000  0.000000  0.000000  0.000000  0.000000  0.000000  0.178000  0.000000
 2500  0.000000  0.000000  0.000000  0.000000  0.000600  0.000200  0.000400  0.000400  0.000400  0.001000  0.000400  0.000000  0.000000  0.000000  0.000000  0.000000  0.000000  0.000000  0.000000  0.000000  0.000000  0.000000  0.000000  0.000000  0.000000  0.000000  0.000000  0.000000  0.000000  0.000000  0.171400  0.000000
 2550  0.000000  0.000000  0.000000  0.000000  0.000200  0.000200  0.000800  0.000400  0.001000  0.000200  0.000000  0.000000  0.000000  0.000000  0.000000  0.000000  0.000000  0.000000  0.000000  0.000000  0.000000  0.000000  0.000000  0.000000  0.000000  0.000000  0.000000  0.000000  0.000000  0.000000  0.165600  0.000000
 2600  0.000000  0.000000  0.000000  0.000000  0.000400  0.000000  0.000800  0.001000  0.000600  0.000400  0.000000  0.000000  0.000000  0.000000  0.000000  0.000000  0.000000  0.000000  0.000000  0.000000  0.000000  0.000000  0.000000  0.000000  0.000000  0.000000  0.000000  0.000000  0.000000  0.000000  0.167400  0.000000
 2650  0.000000  0.000000  0.000000  0.000000  0.000000  0.000000  0.000400  0.001200  0.000800  0.000600  0.000000  0.000000  0.000000  0.000000  0.000000  0.000000  0.000000  0.000000  0.000000  0.000000  0.000000  0.000000  0.000000  0.000000  0.000000  0.000000  0.000000  0.000000  0.000000  0.000000  0.163800  0.000000
 2700  0.000000  0.000000  0.000000  0.000000  0.000600  0.000800  0.000400  0.000200  0.000800  0.000400  0.000200  0.000000  0.000000  0.000000  0.000000  0.000000  0.000000  0.000000  0.000000  0.000000  0.000000  0.000000  0.000000  0.000000  0.000000  0.000000  0.000000  0.000000  0.000000  0.000000  0.151000  0.000000
 2750  0.000000  0.000000  0.000000  0.000000  0.000200  0.000600  0.000400  0.001000  0.000800  0.000200  0.000000  0.000000  0.000000  0.000000  0.000000  0.000000  0.000000  0.000000  0.000000  0.000000  0.000000  0.000000  0.000000  0.000000  0.000000  0.000000  0.000000  0.000000  0.000000  0.000000  0.153800  0.000000
 2800  0.000000  0.000000  0.000000  0.000000  0.000000  0.000400  0.000400  0.000200  0.000400  0.000400  0.000400  0.000000  0.000000  0.000000  0.000000  0.000000  0.000000  0.000000  0.000000  0.000000  0.000000  0.000000  0.000000  0.000000  0.000000  0.000000  0.000000  0.000200  0.000000  0.000000  0.147000  0.000000
 2850  0.000000  0.000000  0.000000  0.000000  0.000800  0.000200  0.000600  0.000200  0.000400  0.000600  0.000000  0.000000  0.000000  0.000000  0.000000  0.000000  0.000000  0.000000  0.000000  0.000000  0.000000  0.000000  0.000000  0.000000  0.000000  0.000000  0.000000  0.000000  0.000000  0.000000  0.149200  0.000000
 2900  0.000000  0.000000  0.000000  0.000000  0.000200  0.000000  0.000200  0.000600  0.000400  0.000200  0.000200  0.000000  0.000000  0.000000  0.000000  0.000000  0.000000  0.000000  0.000000  0.000000  0.000000  0.000000  0.000000  0.000000  0.000000  0.000000  0.000000  0.000000  0.000000  0.000000  0.136800  0.000000
 2950  0.000000  0.000000  0.000000  0.000400  0.000000  0.000400  0.000200  0.000400  0.000200  0.000200  0.000000  0.000000  0.000000  0.000000  0.000000  0.000000  0.000000  0.000000  0.000000  0.000000  0.000000  0.000000  0.000000  0.000000  0.000000  0.000000  0.000000  0.000000  0.000200  0.000000  0.137600  0.000000
 3000  0.000000  0.000000  0.000000  0.000000  0.000200  0.000200  0.000200  0.000800  0.000400  0.000200  0.000000  0.000000  0.000000  0.000000  0.000000  0.000000  0.000000  0.000000  0.000000  0.000000  0.000000  0.000000  0.000000  0.000000  0.000000  0.000000  0.000000  0.000000  0.000000  0.000000  0.148000  0.000000
 3050  0.000000  0.000000  0.000000  0.000000  0.001200  0.000000  0.000200  0.000000  0.000000  0.000200  0.000600  0.000000  0.000000  0.000000  0.000000  0.000000  0.000000  0.000000  0.000000  0.000000  0.000000  0.000000  0.000000  0.000000  0.000000  0.000000  0.000000  0.000000  0.000000  0.000000  0.136200  0.000000
 3100  0.000000  0.000000  0.000000  0.000000  0.000400  0.000400  0.000800  0.000000  0.000400  0.000400  0.000200  0.000000  0.000000  0.000000  0.000000  0.000000  0.000000  0.000000  0.000000  0.000000  0.000000  0.000000  0.000000  0.000000  0.000000  0.000000  0.000000  0.000000  0.000000  0.000000  0.128400  0.000000
 3150  0.000000  0.000000  0.000000  0.000000  0.000000  0.000200  0.000600  0.000200  0.000200  0.001000  0.000400  0.000000  0.000000  0.000000  0.000000  0.000000  0.000000  0.000000  0.000000  0.000000  0.000000  0.000000  0.000000  0.000000  0.000000  0.000000  0.000000  0.000000  0.000000  0.000000  0.133600  0.000000
 3200  0.000000  0.000000  0.000000  0.000000  0.000200  0.000000  0.000800  0.000400  0.000400  0.000200  0.000000  0.000000  0.000000  0.000000  0.000000  0.000000  0.000000  0.000000  0.000000  0.000000  0.000000  0.000000  0.000000  0.000000  0.000000  0.000000  0.000000  0.000000  0.000000  0.000000  0.128000  0.000000
 3250  0.000000  0.000000  0.000000  0.000000  0.000000  0.000800  0.001000  0.000200  0.000200  0.000400  0.000200  0.000000  0.000000  0.000000  0.000000  0.000000  0.000000  0.000000  0.000000  0.000000  0.000000  0.000000  0.000000  0.000000  0.000000  0.000000  0.000000  0.000000  0.000000  0.000000  0.125600  0.000000
 3300  0.000000  0.000000  0.000200  0.000400  0.000200  0.000000  0.000000  0.000200  0.000200  0.000200  0.000000  0.000000  0.000000  0.000000  0.000000  0.000000  0.000000  0.000000  0.000000  0.000000  0.000000  0.000000  0.000000  0.000000  0.000000  0.000000  0.000000  0.000000  0.000000  0.000000  0.122200  0.000000
 3350  0.000000  0.000000  0.000000  0.000000  0.000000  0.000000  0.000000  0.000000  0.000200  0.000400  0.000400  0.000000  0.000000  0.000000  0.000000  0.000000  0.000000  0.000000  0.000000  0.000000  0.000000  0.000000  0.000000  0.000000  0.000000  0.000000  0.000000  0.000000  0.000000  0.000000  0.129200  0.000000
 3400  0.000000  0.000000  0.000000  0.000000  0.000200  0.000600  0.000400  0.000200  0.000000  0.000600  0.000200  0.000000  0.000000  0.000000  0.000000  0.000000  0.000000  0.000000  0.000000  0.000000  0.000000  0.000000  0.000000  0.000000  0.000000  0.000000  0.000000  0.000000  0.000000  0.000000  0.129000  0.000000
 3450  0.000000  0.000000  0.000000  0.000000  0.000000  0.000000  0.000400  0.000200  0.000200  0.000200  0.000000  0.000000  0.000000  0.000000  0.000000  0.000000  0.000000  0.000000  0.000000  0.000000  0.000000  0.000000  0.000000  0.000000  0.000000  0.000000  0.000000  0.000000  0.000000  0.000000  0.122400  0.000000
 3500  0.000000  0.000000  0.000000  0.000200  0.000000  0.000400  0.000800  0.000400  0.000600  0.000000  0.000000  0.000000  0.000000  0.000000  0.000000  0.000000  0.000000  0.000000  0.000000  0.000000  0.000000  0.000000  0.000000  0.000000  0.000000  0.000000  0.000000  0.000000  0.000000  0.000000  0.119800  0.000000
 3550  0.000000  0.000000  0.000000  0.000000  0.000200  0.000000  0.000400  0.000600  0.000000  0.000000  0.000000  0.000000  0.000000  0.000000  0.000000  0.000000  0.000000  0.000000  0.000000  0.000000  0.000000  0.000000  0.000000  0.000000  0.000000  0.000000  0.000000  0.000000  0.000000  0.000000  0.109800  0.000000
 3600  0.000000  0.000000  0.000000  0.000000  0.000000  0.000600  0.000200  0.001000  0.000200  0.000000  0.000000  0.000000  0.000000  0.000000  0.000000  0.000000  0.000000  0.000000  0.000000  0.000000  0.000000  0.000000  0.000000  0.000000  0.000000  0.000000  0.000000  0.000000  0.000000  0.000000  0.116200  0.000000
 3650  0.000000  0.000000  0.000000  0.000000  0.000000  0.000400  0.000000  0.000600  0.000600  0.000200  0.000400  0.000000  0.000000  0.000000  0.000000  0.000000  0.000000  0.000000  0.000000  0.000000  0.000000  0.000000  0.000000  0.000000  0.000000  0.000000  0.000000  0.000000  0.000000  0.000000  0.110000  0.000000
 3700  0.000000  0.000000  0.000000  0.000000  0.000200  0.000200  0.000000  0.000200  0.000000  0.000200  0.000000  0.000000  0.000000  0.000000  0.000000  0.000000  0.000000  0.000000  0.000000  0.000000  0.000000  0.000000  0.000000  0.000000  0.000000  0.000000  0.000000  0.000000  0.000000  0.000000  0.110800  0.000000
 3750  0.000000  0.000000  0.000000  0.000200  0.000400  0.000400  0.000000  0.000400  0.000600  0.000000  0.000200  0.000000  0.000000  0.000000  0.000000  0.000000  0.000000  0.000000  0.000000  0.000000  0.000000  0.000000  0.000000  0.000000  0.000000  0.000000  0.000000  0.000000  0.000000  0.000000  0.110800  0.000000
 3800  0.000000  0.000000  0.000000  0.000000  0.000000  0.000000  0.000400  0.000200  0.000600  0.000400  0.000000  0.000000  0.000000  0.000000  0.000000  0.000000  0.000000  0.000000  0.000000  0.000000  0.000000  0.000000  0.000000  0.000000  0.000000  0.000000  0.000000  0.000000  0.000000  0.000000  0.115200  0.000000
 3850  0.000000  0.000000  0.000000  0.000000  0.000200  0.000200  0.000600  0.000800  0.000000  0.000400  0.000400  0.000000  0.000000  0.000000  0.000000  0.000000  0.000000  0.000000  0.000000  0.000000  0.000000  0.000000  0.000000  0.000000  0.000000  0.000000  0.000000  0.000000  0.000000  0.000000  0.104200  0.000000
 3900  0.000000  0.000000  0.000000  0.000200  0.000200  0.000400  0.000400  0.000000  0.000000  0.000000  0.000400  0.000000  0.000000  0.000000  0.000000  0.000000  0.000000  0.000000  0.000000  0.000000  0.000000  0.000000  0.000000  0.000000  0.000000  0.000000  0.000000  0.000000  0.000000  0.000000  0.108000  0.000000
 3950  0.000000  0.000000  0.000000  0.000000  0.000200  0.000000  0.000200  0.000400  0.000200  0.000200  0.000000  0.000000  0.000000  0.000000  0.000000  0.000000  0.000000  0.000000  0.000000  0.000000  0.000000  0.000000  0.000000  0.000000  0.000000  0.000000  0.000000  0.000000  0.000000  0.000000  0.113800  0.000000
 4000  0.000000  0.000000  0.000000  0.000000  0.000200  0.000400  0.000400  0.000200  0.000400  0.000400  0.000000  0.000000  0.000000  0.000000  0.000000  0.000000  0.000000  0.000000  0.000000  0.000000  0.000000  0.000000  0.000000  0.000000  0.000000  0.000000  0.000000  0.000000  0.000000  0.000000  0.111200  0.000000
 4050  0.000000  0.000000  0.000000  0.000000  0.000200  0.000000  0.000000  0.000000  0.000000  0.000200  0.000000  0.000000  0.000000  0.000000  0.000000  0.000000  0.000000  0.000000  0.000000  0.000000  0.000000  0.000000  0.000000  0.000000  0.000000  0.000000  0.000000  0.000000  0.000000  0.000000  0.109600  0.000000
 4100  0.000000  0.000000  0.000000  0.000000  0.000000  0.000000  0.000000  0.000400  0.000200  0.000400  0.000000  0.000000  0.000000  0.000000  0.000000  0.000000  0.000000  0.000000  0.000000  0.000000  0.000000  0.000000  0.000000  0.000000  0.000000  0.000000  0.000000  0.000000  0.000000  0.000000  0.111600  0.000000
 4150  0.000000  0.000000  0.000000  0.000000  0.000000  0.000000  0.000200  0.000200  0.000200  0.000000  0.000000  0.000000  0.000000  0.000000  0.000000  0.000000  0.000000  0.000000  0.000000  0.000000  0.000000  0.000000  0.000000  0.000000  0.000000  0.000000  0.000000  0.000000  0.000000  0.000000  0.100600  0.000000
 4200  0.000000  0.000000  0.000000  0.000000  0.000000  0.000000  0.000000  0.000000  0.000000  0.000400  0.000200  0.000000  0.000000  0.000000  0.000000  0.000000  0.000000  0.000000  0.000000  0.000000  0.000000  0.000000  0.000000  0.000000  0.000000  0.000000  0.000000  0.000000  0.000000  0.000000  0.114200  0.000000
 4250  0.000000  0.000000  0.000000  0.000000  0.000000  0.000000  0.000400  0.000200  0.000000  0.000200  0.000200  0.000000  0.000000  0.000000  0.000000  0.000000  0.000000  0.000000  0.000000  0.000000  0.000000  0.000000  0.000000  0.000000  0.000000  0.000000  0.000000  0.000000  0.000000  0.000000  0.102200  0.000000
 4300  0.000000  0.000000  0.000000  0.000000  0.000000  0.000400  0.000000  0.000200  0.000400  0.000000  0.000200  0.000000  0.000000  0.000000  0.000000  0.000000  0.000000  0.000000  0.000000  0.000000  0.000000  0.000000  0.000000  0.000000  0.000000  0.000000  0.000000  0.000000  0.000000  0.000000  0.110600  0.000000
 4350  0.000000  0.000000  0.000000  0.000000  0.000200  0.000200  0.000200  0.000200  0.000200  0.000000  0.000400  0.000000  0.000000  0.000000  0.000000  0.000000  0.000000  0.000000  0.000000  0.000000  0.000000  0.000000  0.000000  0.000000  0.000000  0.000000  0.000000  0.000000  0.000000  0.000000  0.106400  0.000000
 4400  0.000000  0.000000  0.000000  0.000000  0.000000  0.000000  0.000200  0.000200  0.000800  0.000400  0.000000  0.000000  0.000000  0.000000  0.000000  0.000000  0.000000  0.000000  0.000000  0.000000  0.000000  0.000000  0.000000  0.000000  0.000000  0.000000  0.000000  0.000000  0.000000  0.000000  0.100400  0.000000
 4450  0.000000  0.000000  0.000000  0.000000  0.000000  0.000200  0.000600  0.000400  0.000000  0.000000  0.000200  0.000200  0.000000  0.000000  0.000000  0.000000  0.000000  0.000000  0.000000  0.000000  0.000000  0.000000  0.000000  0.000000  0.000000  0.000000  0.000000  0.000000  0.000000  0.000000  0.107400  0.000000
 4500  0.000000  0.000000  0.000000  0.000000  0.000200  0.000000  0.000000  0.000000  0.000200  0.000600  0.000200  0.000000  0.000000  0.000000  0.000000  0.000000  0.000000  0.000000  0.000000  0.000000  0.000000  0.000000  0.000000  0.000000  0.000000  0.000000  0.000000  0.000000  0.000000  0.000000  0.102000  0.000000
 4550  0.000000  0.000000  0.000000  0.000000  0.000000  0.000200  0.000000  0.000200  0.000200  0.000000  0.000000  0.000000  0.000000  0.000000  0.000000  0.000000  0.000000  0.000000  0.000000  0.000000  0.000000  0.000000  0.000000  0.000000  0.000000  0.000000  0.000000  0.000000  0.000000  0.000000  0.099000  0.000000
 4600  0.000000  0.000000  0.000000  0.000000  0.000000  0.000000  0.000200  0.000200  0.000800  0.000200  0.000200  0.000000  0.000000  0.000000  0.000000  0.000000  0.000000  0.000000  0.000000  0.000000  0.000000  0.000000  0.000000  0.000000  0.000000  0.000000  0.000000  0.000000  0.000000  0.000000  0.113200  0.000000
 4650  0.000000  0.000000  0.000000  0.000000  0.000000  0.000600  0.000200  0.000200  0.000400  0.000000  0.000000  0.000000  0.000000  0.000000  0.000000  0.000000  0.000000  0.000000  0.000000  0.000000  0.000000  0.000000  0.000000  0.000000  0.000000  0.000000  0.000000  0.000000  0.000000  0.000000  0.105400  0.000000
 4700  0.000000  0.000000  0.000000  0.000000  0.000000  0.000000  0.000000  0.000400  0.000200  0.000200  0.000400  0.000000  0.000000  0.000000  0.000000  0.000000  0.000000  0.000000  0.000000  0.000000  0.000000  0.000000  0.000000  0.000000  0.000000  0.000000  0.000000  0.000000  0.000000  0.000000  0.105400  0.000000
 4750  0.000000  0.000000  0.000000  0.000000  0.000000  0.000000  0.000200  0.000000  0.000000  0.000200  0.000000  0.000000  0.000000  0.000000  0.000000  0.000000  0.000000  0.000000  0.000000  0.000000  0.000000  0.000000  0.000000  0.000000  0.000000  0.000000  0.000000  0.000000  0.000000  0.000000  0.095600  0.000000
 4800  0.000000  0.000000  0.000000  0.000000  0.000000  0.000000  0.000200  0.000000  0.000200  0.000000  0.000600  0.000000  0.000000  0.000000  0.000000  0.000000  0.000000  0.000000  0.000000  0.000000  0.000000  0.000000  0.000000  0.000000  0.000000  0.000000  0.000000  0.000200  0.000000  0.000000  0.101200  0.000000
 4850  0.000000  0.000000  0.000000  0.000000  0.000000  0.000000  0.000400  0.000000  0.000000  0.000000  0.000000  0.000000  0.000000  0.000000  0.000000  0.000000  0.000000  0.000000  0.000000  0.000000  0.000000  0.000000  0.000000  0.000000  0.000000  0.000000  0.000000  0.000000  0.000000  0.000000  0.094000  0.000000
 4900  0.000000  0.000000  0.000000  0.000000  0.000000  0.000200  0.000200  0.000000  0.000000  0.000200  0.000000  0.000000  0.000000  0.000000  0.000000  0.000000  0.000000  0.000000  0.000000  0.000000  0.000000  0.000000  0.000000  0.000000  0.000000  0.000000  0.000000  0.000000  0.000000  0.000000  0.104800  0.000000
 4950  0.000000  0.000000  0.000000  0.000000  0.000000  0.000200  0.000200  0.000200  0.000200  0.000000  0.000200  0.000000  0.000000  0.000000  0.000000  0.000000  0.000000  0.000000  0.000000  0.000000  0.000000  0.000000  0.000000  0.000000  0.000000  0.000000  0.000000  0.000000  0.000000  0.000000  0.098800  0.000000
 5000  0.000000  0.000000  0.000000  0.000000  0.000400  0.000000  0.000000  0.000000  0.000000  0.000000  0.000000  0.000000  0.000000  0.000000  0.000000  0.000000  0.000000  0.000000  0.000000  0.000000  0.000000  0.000000  0.000000  0.000000  0.000000  0.000000  0.000000  0.000000  0.000000  0.000000  0.094800  0.000000
 5050  0.000000  0.000000  0.000000  0.000000  0.000000  0.000000  0.000400  0.000000  0.000000  0.000000  0.000000  0.000000  0.000000  0.000000  0.000000  0.000000  0.000000  0.000000  0.000000  0.000000  0.000000  0.000000  0.000000  0.000000  0.000000  0.000000  0.000000  0.000000  0.000000  0.000000  0.095200  0.000000
 5100  0.000000  0.000000  0.000000  0.000000  0.000000  0.000000  0.000000  0.000200  0.000000  0.000200  0.000400  0.000000  0.000000  0.000000  0.000000  0.000000  0.000000  0.000000  0.000000  0.000000  0.000000  0.000000  0.000000  0.000000  0.000000  0.000000  0.000000  0.000000  0.000000  0.000000  0.097000  0.000000
 5150  0.000000  0.000000  0.000000  0.000000  0.000000  0.000000  0.000000  0.000000  0.000000  0.000000  0.000000  0.000000  0.000000  0.000000  0.000000  0.000000  0.000000  0.000000  0.000000  0.000000  0.000000  0.000000  0.000000  0.000000  0.000000  0.000000  0.000000  0.000000  0.000000  0.000000  0.098000  0.000000
 5200  0.000000  0.000000  0.000000  0.000000  0.000400  0.000000  0.000000  0.000000  0.000400  0.000000  0.000000  0.000000  0.000000  0.000000  0.000000  0.000000  0.000000  0.000000  0.000000  0.000000  0.000000  0.000000  0.000000  0.000000  0.000000  0.000000  0.000000  0.000000  0.000000  0.000000  0.096600  0.000000
 5250  0.000000  0.000000  0.000000  0.000000  0.000200  0.000200  0.000000  0.000000  0.000200  0.000200  0.000000  0.000000  0.000000  0.000000  0.000000  0.000000  0.000000  0.000000  0.000000  0.000000  0.000000  0.000000  0.000000  0.000000  0.000000  0.000000  0.000000  0.000000  0.000000  0.000000  0.099000  0.000000
 5300  0.000000  0.000000  0.000000  0.000000  0.000200  0.000000  0.000000  0.000000  0.000000  0.000400  0.000000  0.000000  0.000000  0.000000  0.000000  0.000000  0.000000  0.000000  0.000000  0.000000  0.000000  0.000000  0.000000  0.000000  0.000000  0.000000  0.000000  0.000000  0.000000  0.000000  0.087000  0.000000
 5350  0.000000  0.000000  0.000000  0.000000  0.000000  0.000000  0.000000  0.000000  0.000000  0.000000  0.000200  0.000000  0.000000  0.000000  0.000000  0.000000  0.000000  0.000000  0.000000  0.000000  0.000000  0.000000  0.000000  0.000000  0.000000  0.000000  0.000000  0.000000  0.000000  0.000000  0.100800  0.000000
 5400  0.000000  0.000000  0.000000  0.000000  0.000000  0.000000  0.000000  0.000000  0.000000  0.000000  0.000200  0.000000  0.000000  0.000000  0.000000  0.000000  0.000000  0.000000  0.000000  0.000000  0.000000  0.000000  0.000000  0.000000  0.000000  0.000000  0.000000  0.000000  0.000000  0.000000  0.101200  0.000000
 5450  0.000000  0.000000  0.000000  0.000000  0.000000  0.000000  0.000000  0.000200  0.000000  0.000000  0.000400  0.000000  0.000000  0.000000  0.000000  0.000000  0.000000  0.000000  0.000000  0.000000  0.000000  0.000000  0.000000  0.000000  0.000000  0.000000  0.000000  0.000000  0.000000  0.000000  0.100600  0.000000
 5500  0.000000  0.000000  0.000000  0.000000  0.000000  0.000000  0.000000  0.000000  0.000200  0.000000  0.000000  0.000000  0.000000  0.000000  0.000000  0.000000  0.000000  0.000000  0.000000  0.000000  0.000000  0.000000  0.000000  0.000000  0.000000  0.000000  0.000000  0.000000  0.000000  0.000000  0.096000  0.000000
 5550  0.000000  0.000000  0.000000  0.000000  0.000000  0.000000  0.000200  0.000200  0.000200  0.000200  0.000200  0.000000  0.000000  0.000000  0.000000  0.000000  0.000000  0.000000  0.000000  0.000000  0.000000  0.000000  0.000000  0.000000  0.000000  0.000000  0.000000  0.000000  0.000000  0.000000  0.100200  0.000000
 5600  0.000000  0.000000  0.000000  0.000000  0.000000  0.000400  0.000000  0.000200  0.000000  0.000000  0.000000  0.000000  0.000000  0.000000  0.000000  0.000000  0.000000  0.000000  0.000000  0.000000  0.000000  0.000000  0.000000  0.000000  0.000000  0.000000  0.000000  0.000000  0.000000  0.000000  0.096200  0.000000
 5650  0.000000  0.000000  0.000000  0.000000  0.000000  0.000200  0.000400  0.000400  0.000200  0.000200  0.000000  0.000200  0.000000  0.000000  0.000000  0.000000  0.000000  0.000000  0.000000  0.000000  0.000000  0.000000  0.000000  0.000000  0.000000  0.000000  0.000000  0.000000  0.000000  0.000000  0.086800  0.000000
 5700  0.000000  0.000000  0.000000  0.000000  0.000000  0.000000  0.000000  0.000000  0.000200  0.000000  0.000200  0.000000  0.000000  0.000000  0.000000  0.000000  0.000000  0.000000  0.000000  0.000000  0.000000  0.000000  0.000000  0.000000  0.000000  0.000000  0.000000  0.000000  0.000000  0.000000  0.098400  0.000000
 5750  0.000000  0.000000  0.000000  0.000000  0.000000  0.000000  0.000200  0.000000  0.000400  0.000000  0.000200  0.000000  0.000000  0.000000  0.000000  0.000000  0.000000  0.000000  0.000000  0.000000  0.000000  0.000000  0.000000  0.000000  0.000000  0.000000  0.000000  0.000000  0.000000  0.000000  0.092800  0.000000
 5800  0.000000  0.000000  0.000000  0.000000  0.000000  0.000000  0.000000  0.000000  0.000400  0.000400  0.000200  0.000000  0.000000  0.000000  0.000000  0.000000  0.000000  0.000000  0.000000  0.000000  0.000000  0.000000  0.000000  0.000000  0.000000  0.000000  0.000000  0.000000  0.000000  0.000000  0.098600  0.000000
 5850  0.000000  0.000000  0.000000  0.000000  0.000000  0.000200  0.000000  0.000000  0.000000  0.000000  0.000000  0.000000  0.000000  0.000000  0.000000  0.000000  0.000000  0.000000  0.000000  0.000000  0.000000  0.000000  0.000000  0.000000  0.000000  0.000000  0.000000  0.000000  0.000000  0.000000  0.100400  0.000000
 5900  0.000000  0.000000  0.000000  0.000000  0.000200  0.000000  0.000200  0.000200  0.000200  0.000000  0.000000  0.000200  0.000000  0.000000  0.000000  0.000000  0.000000  0.000000  0.000000  0.000000  0.000000  0.000000  0.000000  0.000000  0.000000  0.000000  0.000000  0.000000  0.000000  0.000000  0.092800  0.000000
 5950  0.000000  0.000000  0.000000  0.000000  0.000000  0.000000  0.000000  0.000200  0.000000  0.000200  0.000000  0.000000  0.000000  0.000000  0.000000  0.000000  0.000000  0.000000  0.000000  0.000000  0.000000  0.000000  0.000000  0.000000  0.000000  0.000000  0.000000  0.000000  0.000000  0.000000  0.103800  0.000000
 6000  0.000000  0.000000  0.000000  0.000000  0.000000  0.000000  0.000200  0.000200  0.000000  0.000000  0.000200  0.000000  0.000000  0.000000  0.000000  0.000000  0.000000  0.000000  0.000000  0.000000  0.000000  0.000000  0.000000  0.000000  0.000000  0.000000  0.000000  0.000000  0.000000  0.000000  0.093200  0.000000
 6050  0.000000  0.000000  0.000000  0.000000  0.000000  0.000000  0.000000  0.000000  0.000000  0.000200  0.000000  0.000200  0.000000  0.000000  0.000000  0.000000  0.000000  0.000000  0.000000  0.000000  0.000000  0.000000  0.000000  0.000000  0.000000  0.000000  0.000000  0.000000  0.000000  0.000000  0.099600  0.000000
 6100  0.000000  0.000000  0.000000  0.000000  0.000000  0.000000  0.000000  0.000000  0.000000  0.000000  0.000400  0.000000  0.000000  0.000000  0.000000  0.000000  0.000000  0.000000  0.000000  0.000000  0.000000  0.000000  0.000000  0.000000  0.000000  0.000000  0.000000  0.000000  0.000000  0.000000  0.099000  0.000000
 6150  0.000000  0.000000  0.000000  0.000000  0.000000  0.000000  0.000000  0.000600  0.000000  0.000000  0.000200  0.000200  0.000000  0.000000  0.000000  0.000000  0.000000  0.000000  0.000000  0.000000  0.000000  0.000000  0.000000  0.000000  0.000000  0.000000  0.000000  0.000000  0.000000  0.000000  0.093200  0.000000
 6200  0.000000  0.000000  0.000000  0.000000  0.000000  0.000000  0.000200  0.000000  0.000000  0.000200  0.000000  0.000000  0.000000  0.000000  0.000000  0.000000  0.000000  0.000000  0.000000  0.000000  0.000000  0.000000  0.000000  0.000000  0.000000  0.000000  0.000000  0.000000  0.000000  0.000000  0.093000  0.000000
 6250  0.000000  0.000000  0.000000  0.000000  0.000000  0.000000  0.000000  0.000400  0.000000  0.000000  0.000200  0.000200  0.000000  0.000000  0.000000  0.000000  0.000000  0.000000  0.000000  0.000000  0.000000  0.000000  0.000000  0.000000  0.000000  0.000000  0.000000  0.000000  0.000000  0.000000  0.090600  0.000000
 6300  0.000000  0.000000  0.000000  0.000000  0.000000  0.000000  0.000000  0.000000  0.000000  0.000000  0.000000  0.000000  0.000000  0.000000  0.000000  0.000000  0.000000  0.000000  0.000000  0.000000  0.000000  0.000000  0.000000  0.000000  0.000000  0.000000  0.000000  0.000000  0.000000  0.000000  0.087600  0.000000
 6350  0.000000  0.000000  0.000000  0.000000  0.000200  0.000000  0.000000  0.000000  0.000000  0.000000  0.000000  0.000000  0.000000  0.000000  0.000000  0.000000  0.000000  0.000000  0.000000  0.000000  0.000000  0.000000  0.000000  0.000000  0.000000  0.000000  0.000000  0.000000  0.000000  0.000000  0.089400  0.000000
 6400  0.000000  0.000000  0.000000  0.000000  0.000200  0.000000  0.000400  0.000000  0.000000  0.000000  0.000000  0.000000  0.000000  0.000000  0.000000  0.000000  0.000000  0.000000  0.000000  0.000000  0.000000  0.000000  0.000000  0.000000  0.000000  0.000000  0.000000  0.000000  0.000000  0.000000  0.092200  0.000000
 6450  0.000000  0.000000  0.000000  0.000000  0.000000  0.000000  0.000000  0.000200  0.000200  0.000000  0.000000  0.000000  0.000000  0.000000  0.000000  0.000000  0.000000  0.000000  0.000000  0.000000  0.000000  0.000000  0.000000  0.000000  0.000000  0.000000  0.000000  0.000000  0.000000  0.000000  0.087200  0.000000
 6500  0.000000  0.000000  0.000000  0.000000  0.000200  0.000000  0.000000  0.000000  0.000000  0.000400  0.000000  0.000000  0.000000  0.000000  0.000000  0.000000  0.000000  0.000000  0.000000  0.000000  0.000000  0.000000  0.000000  0.000000  0.000000  0.000000  0.000000  0.000000  0.000000  0.000000  0.098200  0.000000
 6550  0.000000  0.000000  0.000000  0.000000  0.000000  0.000200  0.000000  0.000000  0.000000  0.000000  0.000000  0.000000  0.000000  0.000000  0.000000  0.000000  0.000000  0.000000  0.000000  0.000000  0.000000  0.000000  0.000000  0.000000  0.000000  0.000000  0.000000  0.000000  0.000000  0.000000  0.084600  0.000000
 6600  0.000000  0.000000  0.000000  0.000000  0.000000  0.000000  0.000200  0.000200  0.000000  0.000200  0.000000  0.000000  0.000000  0.000000  0.000000  0.000000  0.000000  0.000000  0.000000  0.000000  0.000000  0.000000  0.000000  0.000000  0.000000  0.000000  0.000000  0.000000  0.000000  0.000000  0.095200  0.000000
 6650  0.000000  0.000000  0.000000  0.000200  0.000000  0.000000  0.000000  0.000000  0.000000  0.000000  0.000000  0.000000  0.000000  0.000000  0.000000  0.000000  0.000000  0.000000  0.000000  0.000000  0.000000  0.000000  0.000000  0.000000  0.000000  0.000000  0.000000  0.000000  0.000000  0.000000  0.091400  0.000000
 6700  0.000000  0.000000  0.000000  0.000000  0.000000  0.000000  0.000200  0.000000  0.000000  0.000000  0.000200  0.000000  0.000000  0.000000  0.000000  0.000000  0.000000  0.000000  0.000000  0.000000  0.000000  0.000000  0.000000  0.000000  0.000000  0.000000  0.000000  0.000000  0.000000  0.000000  0.100400  0.000000
 6750  0.000000  0.000000  0.000000  0.000000  0.000000  0.000000  0.000000  0.000000  0.000200  0.000000  0.000200  0.000000  0.000000  0.000000  0.000000  0.000000  0.000000  0.000000  0.000000  0.000000  0.000000  0.000000  0.000000  0.000000  0.000000  0.000000  0.000000  0.000000  0.000000  0.000000  0.091200  0.000000
 6800  0.000000  0.000000  0.000000  0.000000  0.000000  0.000000  0.000000  0.000200  0.000000  0.000000  0.000000  0.000000  0.000000  0.000000  0.000000  0.000000  0.000000  0.000000  0.000000  0.000000  0.000000  0.000000  0.000000  0.000000  0.000000  0.000000  0.000000  0.000000  0.000000  0.000000  0.097600  0.000000
 6850  0.000000  0.000000  0.000000  0.000000  0.000000  0.000000  0.000000  0.000000  0.000000  0.000000  0.000000  0.000000  0.000000  0.000000  0.000000  0.000000  0.000000  0.000000  0.000000  0.000000  0.000000  0.000000  0.000000  0.000000  0.000000  0.000000  0.000000  0.000000  0.000000  0.000000  0.088600  0.000000
 6900  0.000000  0.000000  0.000000  0.000000  0.000000  0.000200  0.000000  0.000000  0.000000  0.000400  0.000000  0.000000  0.000000  0.000000  0.000000  0.000000  0.000000  0.000000  0.000000  0.000000  0.000000  0.000000  0.000000  0.000000  0.000000  0.000000  0.000000  0.000000  0.000000  0.000000  0.094800  0.000000
 6950  0.000000  0.000000  0.000000  0.000000  0.000000  0.000200  0.000000  0.000000  0.000000  0.000400  0.000000  0.000000  0.000000  0.000000  0.000000  0.000000  0.000000  0.000000  0.000000  0.000000  0.000000  0.000000  0.000000  0.000000  0.000000  0.000000  0.000000  0.000000  0.000000  0.000000  0.092400  0.000000
 7000  0.000000  0.000000  0.000000  0.000000  0.000000  0.000000  0.000000  0.000200  0.000000  0.000000  0.000000  0.000000  0.000000  0.000000  0.000000  0.000000  0.000000  0.000000  0.000000  0.000000  0.000000  0.000000  0.000000  0.000000  0.000000  0.000000  0.000000  0.000000  0.000000  0.000000  0.104400  0.000000
