    50.0        302321.9     0.52494    -1.08865    48.40992    17.77102   143.47191     0.00525
    75.0       8467793.9     1.16751     4.73153    71.52312    14.23217    79.47804     0.00617
   100.0      69232103.6     1.20232     4.99981    85.01971    13.66985   108.05928     0.01562
   125.0      23794230.6     1.06449     4.37937    96.39871    11.82964   140.93666     0.00934
   150.0      58983414.9     0.94421     4.22835   108.66233    10.85971   204.27400     0.01558
   175.0     324022844.4     1.15046     4.78972   129.94876     9.22995   187.87912     0.01034
   200.0      71058345.2     0.83439     3.68643   122.80465     8.62409   343.36515     0.01204
   250.0     506656876.2     1.10850     4.61532   146.84895     7.79326   274.82352     0.06070
   300.0     160069672.6     1.19940     4.37470   130.42221     9.17271   295.21887     0.09574
   350.0    1333176580.8     1.03655     4.53052   173.62470     5.62448   431.53948     0.05687
   400.0     772067633.8     1.07845     4.42570   161.90366     6.45257   452.47170     0.06349
   500.0     315271698.0     1.03018     4.07700   158.83158     5.77712   578.86164     0.04920
   600.0     334223829.6     1.05492     4.03456   163.42070     5.23733   672.60722     0.04040
   700.0     114764898.0     1.04984     3.77381   144.47748     6.55610   708.61836     0.05783
   800.0      47696348.0     0.96693     3.43259   127.12332     7.68453   954.24873     0.05592
   900.0      51506826.9     0.94615     3.35207   127.54247     7.49480  1066.53977     0.08886
  1000.0      22363956.7     0.91501     3.08199   107.86771     9.23173  1238.09672     0.08801
  1200.0      51859390.1     1.19783     3.49217   143.34263     6.19699  1221.95617     0.09905
  1400.0      12659782.3     1.10140     3.12819   119.54884     7.78279  1537.59093     0.06779
  1600.0      10302148.4     1.11895     3.05036   116.86781     8.03130  1744.11994     0.09764
  1800.0       7790497.0     1.13632     2.96650   113.75134     8.09365  1886.85336     0.10193
  2000.0       6076442.8     1.11846     2.87671   107.52851     8.69732  2168.27411     0.10678
  2400.0       5099611.3     1.12252     2.78666   104.94644     8.74266  2542.49534     0.13555
  2800.0       4486398.7     1.15086     2.72969   102.44313     8.96880  2753.32987     0.19935
  3200.0       4220502.7     1.13268     2.66569   101.03223     8.91519  3359.83433     0.23875
  3600.0       3364369.2     1.14213     2.59457    96.22837     9.43661  3596.50197     0.27682
  4000.0       3259463.6     1.14762     2.56062    94.21232     9.60111  3993.47281     0.33092
