    50.0           834.5     0.49220    -3.41975   142.57268    11.26425   125.29858     0.00026
    75.0          3603.6     1.05530     3.68279    56.51195    16.35288    84.68767     0.00080
   100.0          1308.8     1.09952     3.23961    48.37820    17.50339    99.92139     0.01762
   125.0        432245.1     0.68185     2.50287    55.93414    16.87593   353.91737     0.01425
   150.0        850151.2     0.69111     2.55863    62.61980    16.56017   357.02239     0.00865
   175.0       1308181.7     0.84637     3.64807    98.30651    12.56068   236.32243     0.02052
   200.0      34837751.9     1.01815     4.83914   110.54066    12.41555   257.96009     0.00900
   250.0       1789518.7     0.84362     3.62606    85.87017    13.57612   436.58508     0.07588
   300.0        158857.0     1.05357     3.50618    63.77007    16.39157   295.21887     0.06491
   350.0       4812739.3     0.85357     3.64329    84.55640    14.04606   622.21986     0.06902
   400.0        267724.1     0.99035     3.41058    55.71268    18.14977   395.19678     0.13038
   500.0      81164390.7     1.03632     4.40584   139.81565     9.28684   507.58180     0.10232
   600.0        640288.5     0.96582     3.27354    77.19138    14.46166   599.47253     0.12196
   700.0        330157.4     0.96005     3.08500    62.67516    16.14475   679.29145     0.11556
   800.0       2183946.8     1.02271     3.48050    88.86146    13.01217   769.73804     0.07497
   900.0        800307.8     0.95871     3.12892    73.31983    14.63948   872.22748     0.08016
  1000.0       1173307.3     0.98237     3.22063    69.58199    15.89022   988.36322     0.14347
  1200.0       2162559.3     1.06122     3.29880    95.41675    11.76804  1410.42513     0.11503
  1400.0       1026711.8     1.11312     3.12354    86.49242    12.68035  1522.82375     0.12900
  1600.0       1140567.1     1.13718     3.09278    88.25737    12.46077  1587.20810     0.13455
  1800.0        976386.4     1.12203     3.00016    85.93466    12.46750  1771.14893     0.17765
  2000.0        840677.8     1.11680     2.92601    83.74757    12.66188  2035.66963     0.11637
  2400.0        737347.9     1.15040     2.85291    81.17076    12.78095  2491.49783     0.11694
  2800.0        582268.9     1.21604     2.77531    76.13951    13.50340  2793.43067     0.20335
  3200.0        642664.1     1.19486     2.73767    76.16412    13.48533  3173.90186     0.22272
  3600.0        517615.3     1.18685     2.64990    72.65046    13.78871  3596.50200     0.25418
  4000.0        550803.8     1.19936     2.63131    73.07496    13.51163  3909.05323     0.33696
