    50.0       7225182.8     1.80749     3.85950     6.62149    20.82518    49.75889     0.94405
    75.0    2700320623.7     1.49773     4.58436    64.28147     9.38861    76.18971     2.08725
   100.0        918637.8     1.23765     2.55758    12.11241    19.04291   106.80023     1.00729
   125.0      10798609.2     1.06491     2.73533    41.78998    10.87057   150.65124     1.36120
   150.0      93568618.3     1.16617     3.21955    57.61988     9.76257   169.29656     1.11958
   175.0     149562299.3     1.22491     3.30478    59.69738     9.23209   190.15106     1.47739
   200.0      21534911.5     1.12229     2.75635    47.51787     9.93508   230.07849     0.81153
   250.0     993830550.5     1.24705     3.46694   101.23263     3.31747   261.91788     1.31221
   300.0     263547814.5     1.11302     3.02051    94.96797     2.16953   334.92201     1.56454
   350.0       7873822.8     0.84113     1.68838    33.43046    10.85200   597.64860     2.21497
   400.0       4076696.1     0.83380     1.48522    20.55731    15.13770   685.54233     2.02378
   500.0      12091083.7     0.82440     1.54978    27.62152    13.11677   884.72567     2.00485
   600.0      11972118.2     0.79269     1.25164    19.61742    14.89163  1138.86414     1.31425
   700.0      26614626.4     0.79499     1.35037    26.54829    12.21346  1326.63573     1.18475
   800.0      26425959.5     0.78848     1.23452    21.68303    14.02033  1498.44361     0.98628
   900.0      38220869.0     0.77256     1.09783    17.17752    15.14243  1786.19281     1.10846
  1000.0      88360797.3     0.76275     1.08760    19.30679    14.29627  2110.97085     1.48201
  1200.0     481175460.1     0.77175     1.32957    28.79656    11.10953  3761.77362     1.82492
  1400.0      36862383.9     0.90141     1.69128    46.10576     7.24667  2238.83260     2.11174
  1600.0      46242456.1     0.87182     1.56034    40.09815     8.25608  2830.36636     3.00841
  1800.0     107832717.4     0.84028     1.48525    38.72361     8.03961  3874.86823     2.18179
  2000.0     189917371.7     0.82236     1.40718    33.90448     9.32822  4808.52949     2.52706
  2400.0      91963150.4     0.87649     1.54162    44.73616     6.55528  4257.79167     3.77164
  2800.0     569806400.0     0.81848     1.40056    37.62188     7.79725  7394.68597     3.94898
  3200.0     125441957.5     0.89424     1.56368    51.08302     4.44652  5392.39649     6.55607
  3600.0     106395345.0     0.97257     1.71620    70.94560    -0.14427  4618.79344     8.68714
  4000.0     134406010.3     0.94494     1.65752    67.86772    -0.15007  5721.26667     8.79952
