    50.0     268862459.4     0.55017     0.21139    51.93512    14.41310   271.91086     4.00245
    75.0     339041075.1     0.58136     0.30208    42.34578    16.39632   274.78237     2.18938
   100.0      14269186.9     1.33283     3.49069    27.13788    19.65892    99.92139     2.09441
   125.0     312753453.1     0.87534     3.24567    63.93456    15.48765   167.45367     4.24553
   150.0    8981397785.0     0.72826     2.91675    83.61605    11.44643   409.91086     3.24553
   175.0     713017803.9     1.09049     3.63844    87.17121    10.99903   195.13258     2.18911
   200.0     234124452.6     1.20056     3.53243    55.61999    15.56246   216.25444     1.57577
   250.0    3591672710.2     1.36069     3.97165    95.25027    10.58960   256.52477     0.90345
   300.0    1701069655.6     1.32308     3.72857    85.59712    11.89784   306.73546     2.04765
   350.0      26023775.1     0.90839     2.38436    40.58687    16.96501   514.47734     2.20383
   400.0      26411776.0     0.99420     2.52201    44.51302    16.52101   500.76866     1.14188
   500.0      38861976.6     1.00431     2.51034    50.82004    15.14913   579.30043     1.69534
   600.0      23277728.9     0.94663     2.23566    42.01008    16.33834   779.43830     1.22911
   700.0      25897161.5     0.89973     2.05929    39.72249    16.53165   982.92187     1.70964
   800.0      33542034.3     0.87964     1.97636    40.95328    16.17904  1178.51150     1.43769
   900.0     645811436.6     1.09055     2.86179   105.28436     6.93304   872.22748     5.39047
  1000.0     753384107.7     1.07510     2.82228   111.52059     5.92434   988.36322     8.11386
  1200.0      17339296.4     1.02633     2.03273    45.90793    14.94974  1478.49537     1.64266
  1400.0      11428700.4     1.01924     1.88725    40.32675    15.85104  1713.82179     1.49259
  1600.0      11184007.4     0.98045     1.77142    37.21074    16.42218  2150.28178     1.84023
  1800.0      11685624.7     1.01167     1.78535    40.41139    15.58816  2198.04081     1.83951
  2000.0      12196718.3     0.96847     1.68209    36.79240    16.23384  2708.15041     1.63381
  2400.0      11972937.6     0.98012     1.63565    36.96781    16.08617  3098.80210     2.47393
  2800.0      14592159.6     0.96006     1.57649    36.44278    15.97460  3912.08849     2.01415
  3200.0      13402777.2     0.98428     1.56461    37.39385    15.54814  4096.42178     2.17025
  3600.0      13071011.3     0.99950     1.54651    37.73108    15.49004  4411.82476     2.59680
  4000.0      13896094.2     0.99578     1.51553    37.84957    15.31728  4999.63737     2.58775
