    50.0    3476656660.7     0.49561    -1.08581    65.96907    18.58211   144.90047     2.19961
    75.0      3642386.0     1.15269     3.48824    57.79352    16.27583    82.50000     7.78997
   100.0     914067918.3     1.43154     5.23139    22.64289    23.99885    99.92139    12.36054
   125.0      57848203.1     1.16693     3.82003    53.25390    18.53802   123.06554     6.75393
   150.0      21032100.1     1.10506     3.30112    47.32124    18.71021   150.25267     5.10034
   175.0      20251301.5     1.03496     3.18730    43.32124    19.08560   171.75177     4.16546
   200.0      64238667.7     1.15269     3.48824    57.79352    16.27583   224.66680     2.78579
   250.0     274092386.3     1.14322     3.66051    66.69779    15.52049   291.65287     3.11401
   300.0      62150036.8     0.81706     2.51163    36.14636    20.24014   628.17903     5.11470
   350.0    3113758114.2     1.27487     3.94702   113.92018     9.64997   349.67832     4.58047
   400.0     118077359.0     1.10443     3.15378    70.42073    13.61930   395.19678     4.81254
   500.0      28776878.7     1.09179     2.80135    46.23345    17.90605   554.45640     3.89797
   600.0      27712770.1     0.98763     2.54810    49.49104    16.83366   721.82460     3.82973
   700.0     158333955.2     1.12425     2.95204    76.26872    12.99982   679.29144     3.76450
   800.0      18743210.7     0.98669     2.35175    44.29970    17.33937   926.17557     2.93448
   900.0      17627386.8     0.94742     2.21340    39.95961    18.07521  1112.60016     2.98678
  1000.0     349835213.8     1.10249     2.91402    93.88259    10.00539   988.36322     7.25087
  1200.0       8443081.4     1.14216     2.17719    42.34402    17.48521  1305.50607     2.34361
  1400.0       5656799.6     1.12536     2.02615    37.52277    18.05033  1520.32658     3.24563
  1600.0       4405422.8     1.11212     1.91780    34.30872    18.68100  1753.59082     4.51834
  1800.0       4237526.6     1.06920     1.82640    32.67020    18.92278  2030.56929     5.62464
  2000.0       4045773.5     1.10113     1.80550    32.38500    19.10834  2188.93568     5.11766
  2400.0       3998748.7     1.09601     1.73120    32.40777    18.67792  2629.96988     7.80857
  2800.0       3468337.9     1.09302     1.64920    29.47752    19.26796  3049.37456     6.91009
  3200.0       3392249.8     1.09490     1.59915    28.40832    19.40633  3460.04931     8.22739
  3600.0       3294040.5     1.08563     1.54626    27.28255    19.56059  3936.79378    10.02223
  4000.0       3165201.2     1.09536     1.51028    26.80752    19.55002  4320.00472    10.88851
