    50.0         22693.7     0.51918    -1.70757    71.07529    16.94488   136.39388     0.00233
    75.0        342863.2     1.12696     4.26482    71.54118    15.21068    82.60660     0.00498
   100.0        882337.5     0.82093     3.26233   103.26102    11.91624   145.40482     0.01365
   125.0       2264575.8     0.57065    -0.29407    64.68206    14.32168   435.32950     0.01489
   150.0      10112576.0     0.79282     3.53430    97.21868    12.49217   259.64632     0.01142
   175.0      12978683.5     0.86229     3.83849   102.33795    12.15525   253.75055     0.01785
   200.0     101127314.5     0.90312     4.36863   115.67332    11.66733   289.30168     0.01382
   250.0      14061893.5     0.73758     2.87973    81.13221    13.20934   566.97268     0.06890
   300.0       3250237.5     0.99743     3.63759    92.87595    12.67791   295.21887     0.12183
   350.0     938458917.0     1.10096     4.84100   153.62666     8.49154   371.31516     0.05619
   400.0     158786412.9     1.05990     4.37633   131.79674     9.88871   464.31086     0.05945
   500.0     500430529.2     1.15215     4.54223   155.66707     7.81943   486.81042     0.05335
   600.0      61658845.2     1.01483     3.94225   123.24149     9.79985   673.54304     0.07011
   700.0      60739902.4     1.09384     3.94246   128.80879     9.28873   679.29144     0.06217
   800.0      23456086.2     1.05149     3.66540   113.79661    10.34647   769.73804     0.08818
   900.0      31377253.4     1.04244     3.66131   117.76729     9.86960   872.22748     0.10621
  1000.0      21368977.2     1.01772     3.50482   113.39293    10.10085   988.36322     0.09343
  1200.0      12413962.4     1.16879     3.43231   115.38042     9.71764  1259.13574     0.12403
  1400.0       7229708.3     1.17070     3.26026   109.14398    10.02267  1421.24617     0.14384
  1600.0       3613833.2     1.15221     3.07424    96.43515    11.23651  1717.36524     0.14170
  1800.0       3054435.5     1.17789     3.00499    95.14141    11.19986  1797.05942     0.12998
  2000.0       2778414.6     1.13774     2.93326    91.54690    11.61343  2076.04423     0.20516
  2400.0       2195809.5     1.15210     2.82956    88.15288    11.80704  2446.14202     0.15672
  2800.0       1817061.8     1.18290     2.75696    84.81976    12.00812  2747.62344     0.26595
  3200.0       1965708.4     1.17645     2.71917    85.14603    11.88123  3173.90186     0.25952
  3600.0       1777401.0     1.19708     2.67028    83.01065    12.08777  3596.50195     0.31938
  4000.0       1681611.1     1.16765     2.61203    81.52900    12.17437  3909.05323     0.37008
