    50.0        109209.9     0.43101    -7.59880   279.25752     3.87409   139.75669     0.00530
    75.0       1121133.0     1.23049     4.52709    53.19090    17.11104    76.24923     0.00686
   100.0       6749060.5     0.92961     4.06212    91.19794    12.93302   128.98016     0.01207
   125.0       6171132.8     0.93949     3.94052    89.58555    12.96450   156.63845     0.00779
   150.0       8638307.1     0.76083     3.07252    92.03491    12.13837   297.58324     0.00708
   175.0     219230557.5     1.08826     4.78712   117.20619    11.19097   198.04271     0.01505
   200.0     104209870.9     0.92463     4.20255   125.85064     9.53793   265.78661     0.02573
   250.0    2998650433.9     1.16329     5.10491   167.38651     7.29729   254.43272     0.06074
   300.0      81573332.4     1.18012     4.36703   112.09318    11.44442   295.21887     0.06691
   350.0     794630126.4     1.07388     4.58827   157.82262     7.48628   421.87157     0.03617
   400.0      67683041.4     0.85931     3.59186   112.84295    10.06266   701.78879     0.05626
   500.0     477879842.1     1.12060     4.36167   155.55876     7.21911   548.20927     0.06185
   600.0      83818167.6     1.06729     3.89842   133.45401     8.28610   619.61391     0.06662
   700.0     117603616.9     1.01611     3.83171   135.38021     8.23002   822.12566     0.07219
   800.0      42901410.4     0.94665     3.45912   118.69893     9.16135   995.38667     0.06545
   900.0      32665054.0     0.92742     3.31744   110.86925     9.78444  1169.91866     0.07368
  1000.0      36849263.7     0.91439     3.25206   112.29464     9.46647  1309.75778     0.06039
  1200.0      18680802.4     1.07658     3.31907   118.74170     8.71658  1432.60153     0.09712
  1400.0       8067106.2     1.14472     3.15019   107.43568     9.83717  1466.97387     0.11675
  1600.0       5747923.6     1.15811     3.03896   104.14144     9.95727  1642.35754     0.07646
  1800.0       5175394.8     1.14613     2.96798   103.29769     9.84748  1864.93374     0.12052
  2000.0       4063350.2     1.08945     2.85257    96.56963    10.38926  2178.14613     0.14748
  2400.0       3762806.5     1.11120     2.78949    95.60348    10.53227  2526.60963     0.18384
  2800.0       4052712.6     1.15280     2.76990    99.23540     9.82124  2831.55689     0.25640
  3200.0       3016233.9     1.15462     2.68016    92.15151    10.57739  3173.90187     0.22874
  3600.0       2793185.4     1.17181     2.63665    89.97747    10.78180  3596.50197     0.27971
  4000.0       3043300.6     1.16491     2.61396    90.91407    10.62383  3909.05324     0.36793
