    50.0             177.4     0.51917    -1.70792    71.06397    16.94590   136.39899     0.00021
    75.0            2679.5     1.12693     4.26455    71.53887    15.21071    82.60774     0.00044
   100.0            6900.6     0.82093     3.26227   103.25965    11.91630   145.40546     0.00121
   125.0           17937.0     0.57004    -0.31343    64.48501    14.33670   436.76990     0.00132
   150.0           57575.7     0.78244     3.39847    94.34749    12.66683   265.75623     0.00102
   175.0          101532.5     0.86229     3.83851   102.33829    12.15524   253.75020     0.00158
   200.0          791071.4     0.90312     4.36863   115.67323    11.66733   289.30183     0.00122
   250.0          109275.6     0.73835     2.88655    81.21183    13.20597   565.37407     0.00610
   300.0           26099.2     0.99757     3.64288    93.18353    12.65012   295.21887     0.01076
   350.0         7238741.2     1.10008     4.83756   153.42321     8.50372   371.65480     0.00497
   400.0         1242163.0     1.05990     4.37634   131.79724     9.88867   464.30935     0.00526
   500.0         3903223.5     1.15224     4.54181   155.61260     7.82377   486.75891     0.00472
   600.0          482325.7     1.01482     3.94225   123.24128     9.79986   673.54284     0.00620
   700.0          475211.7     1.09385     3.94249   128.81127     9.28852   679.29144     0.00550
   800.0          183477.7     1.05149     3.66539   113.79576    10.34654   769.73804     0.00780
   900.0          245444.8     1.04244     3.66131   117.76679     9.86964   872.22748     0.00939
  1000.0          167160.6     1.01772     3.50482   113.39289    10.10085   988.36323     0.00826
  1200.0           97109.5     1.16879     3.43231   115.38042     9.71764  1259.13575     0.01097
  1400.0           56555.1     1.17070     3.26026   109.14398    10.02267  1421.24618     0.01272
  1600.0           28269.6     1.15221     3.07424    96.43514    11.23651  1717.36525     0.01253
  1800.0           23893.6     1.17789     3.00499    95.14140    11.19986  1797.05925     0.01150
  2000.0           21734.4     1.13774     2.93326    91.54689    11.61344  2076.04425     0.01815
  2400.0           17176.9     1.15210     2.82956    88.15288    11.80704  2446.14218     0.01386
  2800.0           14214.1     1.18290     2.75696    84.81976    12.00812  2747.62344     0.02352
  3200.0           15376.9     1.17645     2.71917    85.14603    11.88123  3173.90187     0.02295
  3600.0           13901.8     1.19708     2.67026    83.00746    12.08822  3596.50195     0.02825
  4000.0           13154.6     1.16765     2.61203    81.52900    12.17437  3909.05323     0.03273
