    50.0             853.0     0.43142    -7.56802   278.79348     3.89697   139.54940     0.00047
    75.0            7118.2     1.22810     4.47726    52.27772    17.19098    76.29270     0.00061
   100.0           52784.8     0.92962     4.06210    91.19554    12.93323   128.97879     0.00107
   125.0           48272.0     0.93949     3.94050    89.58554    12.96448   156.63943     0.00069
   150.0           67572.5     0.76083     3.07254    92.03491    12.13838   297.58024     0.00063
   175.0         1714892.3     1.08826     4.78711   117.20575    11.19100   198.04236     0.00133
   200.0          815353.5     0.92464     4.20261   125.85280     9.53780   265.78480     0.00228
   250.0        24728643.8     1.16469     5.11576   168.08953     7.25809   254.31713     0.00536
   300.0          638133.6     1.18013     4.36703   112.09352    11.44440   295.21887     0.00592
   350.0         6187142.4     1.07322     4.58671   157.74903     7.49005   422.28528     0.00320
   400.0          549347.1     0.86017     3.60252   113.43771    10.01495   701.10219     0.00496
   500.0         3733256.2     1.12039     4.36128   155.53431     7.22061   548.35134     0.00547
   600.0          655675.4     1.06729     3.89842   133.45401     8.28611   619.61371     0.00589
   700.0          919814.1     1.01607     3.83162   135.37525     8.23035   822.20059     0.00638
   800.0          335600.4     0.94665     3.45912   118.69893     9.16135   995.38670     0.00579
   900.0          255526.2     0.92742     3.31744   110.86926     9.78444  1169.91976     0.00652
  1000.0          288262.0     0.91438     3.25204   112.29363     9.46655  1309.79397     0.00534
  1200.0          146132.5     1.07658     3.31907   118.74169     8.71658  1432.60209     0.00859
  1400.0           63105.7     1.14472     3.15019   107.43569     9.83717  1466.97391     0.01033
  1600.0           44963.7     1.15811     3.03896   104.14144     9.95727  1642.35756     0.00676
  1800.0           40484.8     1.14613     2.96798   103.29745     9.84751  1864.94519     0.01066
  2000.0           31785.9     1.08945     2.85257    96.56961    10.38926  2178.14572     0.01304
  2400.0           29434.9     1.11120     2.78949    95.60348    10.53227  2526.60964     0.01626
  2800.0           31702.7     1.15280     2.76990    99.23540     9.82124  2831.55690     0.02268
  3200.0           23595.3     1.15461     2.68016    92.15162    10.57737  3173.90191     0.02023
  3600.0           21782.4     1.17060     2.63560    89.88862    10.79462  3596.50195     0.02474
  4000.0           23806.5     1.16491     2.61396    90.91406    10.62383  3909.05322     0.03254
