    50.0             9.6     1.19627     2.01344     5.26398    25.02105    52.77311     0.02041
    75.0       5964810.3     0.94980     3.93801    85.74702    13.66994    90.88372     0.02234
   100.0      13701063.0     1.06943     4.36319    65.18541    16.59563   114.03538     0.12805
   125.0           272.3     0.72577     0.30405    22.20698    20.36472   219.19906     0.06651
   150.0     158589997.5     1.07588     4.57093    85.36255    14.31150   158.24714     0.07434
   175.0     187829057.2     1.09428     4.55053    83.97471    14.53719   197.36357     0.06487
   200.0     336739516.9     1.19624     4.65956    90.05244    13.74541   194.62026     0.13355
   250.0     310976159.3     1.00766     4.25710   105.45130    11.41199   307.24682     0.12779
   300.0      43361113.0     1.01561     3.80258    79.21006    14.04741   363.22880     0.07771
   350.0     222931699.9     1.13113     4.15593    99.21305    12.28634   374.43521     0.09721
   400.0     158872884.4     1.09244     3.97721    97.74169    12.23576   441.55959     0.07426
   500.0      32629211.4     1.01739     3.47222    79.49699    13.64547   574.93160     0.09288
   600.0      31787631.7     0.94600     3.24038    79.01364    13.21799   773.07188     0.12051
   700.0      20279643.6     0.95255     3.10219    72.08445    13.95032   844.05160     0.13282
   800.0      31493197.8     0.93737     3.08663    76.58056    13.34792  1017.67514     0.13056
   900.0      21688368.0     0.93249     2.95150    71.24267    13.89465  1075.93078     0.16097
  1000.0      23146154.8     0.95075     2.95739    74.40731    13.43294  1112.49319     0.19243
  1200.0      14568582.1     1.00433     2.88082    73.01736    13.48146  1546.25557     0.20575
  1400.0       9381598.7     1.07725     2.80763    73.07428    13.20622  1557.32978     0.19764
  1600.0       7515917.0     1.06711     2.70137    68.82487    13.74428  1820.42961     0.23427
  1800.0       6652556.8     1.05192     2.61592    65.93493    14.10803  2094.96887     0.29504
  2000.0       6066816.2     1.07353     2.57476    66.74995    13.73543  2132.13375     0.31715
  2400.0       6683006.6     1.08149     2.53196    67.16715    13.57768  2659.52144     0.35521
  2800.0       5602825.9     1.10010     2.45661    64.59587    13.84117  2962.77203     0.47852
  3200.0       5737121.1     1.09529     2.41149    63.32187    14.05024  3477.13510     0.68396
  3600.0       5359256.1     1.12872     2.37782    63.26882    13.80593  3627.98215     0.67940
  4000.0       4924891.7     1.13705     2.33150    61.34594    14.01181  3909.05322     0.82047
