    50.0     351479051.3     0.66850     3.52740     4.10729    25.02931   131.90307     0.37051
    75.0     228574377.2     0.65604    -0.53941  1807.39536  -109.68386   132.51714     0.35266
   100.0     902442210.3     1.26250     4.71488    82.83185     9.22610   104.58960     0.25215
   125.0     388855672.6     1.21185     4.24318   112.94431     3.78511   129.75792     0.29548
   150.0        994599.7     0.88335     2.40884    46.51666    11.36345   236.20547     0.18159
   175.0        592995.9     0.76360     1.61365    29.74022    14.52663   371.88390     0.34390
   200.0    1520338119.8     1.09408     4.15449   138.48859     2.68182   226.78380     0.18928
   250.0   12571173442.1     1.17321     4.50170   184.22059    -1.31702   266.77818     0.25348
   300.0    1951563097.8     1.05546     3.94329   161.51856    -0.42173   340.84048     0.25055
   350.0    2238183727.1     1.01067     3.83901   169.11152    -1.40959   440.21271     0.36217
   400.0   33178242123.6     1.10808     4.36109   236.64589    -6.12546   421.70800     0.38976
   500.0     105371159.1     0.86499     2.77141   101.04297     3.84578   806.42591     0.35529
   600.0      25269203.2     0.84148     2.31704    76.83662     6.46249   862.08818     0.84063
   700.0     109164894.7     0.94847     2.89228   118.60324     1.39785   759.29592     0.98851
   800.0     368578770.2     0.91019     2.96026   138.43238    -0.57056   995.56939     0.78943
   900.0    3881957724.6     0.72052     1.84416    68.90256     6.84792  2728.82412     1.10985
  1000.0     251297894.9     0.98541     3.00059   129.72795     1.51198   988.36322     1.09488
  1200.0    1793618922.5     0.81878     2.64940   120.00227     1.04824  3372.18498     1.39674
  1400.0     759704816.8     0.85373     2.64277   137.76429    -2.97260  3018.36332     2.11468
  1600.0     138430296.1     0.87909     2.43467   101.79117     2.47132  2932.23603     1.98467
  1800.0      60717278.1     0.98920     2.55615   107.80762     2.36814  2131.92979     2.10287
  2000.0     139251560.4     1.06317     2.74156   143.37325    -2.61422  2194.87527     1.68799
  2400.0     146958239.9     1.08712     2.71083   150.45635    -3.94462  2370.96000     2.26125
  2800.0     101741233.5     0.99009     2.50643   122.05659    -0.75440  3535.59004     3.32061
  3200.0      84142522.5     1.02520     2.48090   124.07938    -1.30007  3813.26164     3.01929
  3600.0      88118964.3     1.07886     2.50576   133.70307    -2.87750  3736.86667     2.93089
  4000.0      97442944.9     1.04794     2.46852   131.12059    -2.59383  4602.83700     3.50190
