    50.0       5388821.1     1.22906     4.59354    10.28783    22.62551    56.03489     0.04952
    75.0      33503987.6     1.18145     4.36479    42.31609    16.00507    81.68281     0.04163
   100.0      46198302.9     1.08295     4.00342    62.09768    13.47482   113.56727     0.09252
   125.0     215435823.2     1.10819     4.21562    80.81029    11.32805   140.40504     0.03974
   150.0     145551289.5     1.03376     3.91985    85.47338    10.26847   184.19733     0.03621
   175.0    3032636759.3     1.13318     4.55377   123.07171     7.33420   195.62714     0.08259
   200.0    4363347168.5     1.17409     4.57737   132.52747     6.33024   214.75192     0.04088
   250.0    1201104988.1     1.09565     4.13510   123.95592     6.45862   286.46614     0.03599
   300.0    7397788462.0     1.14976     4.41105   161.76182     3.43764   327.46830     0.06588
   350.0     770941462.8     1.06330     3.84415   126.83254     5.81910   403.64986     0.07622
   400.0    7759640918.4     1.18180     4.29140   172.99587     2.20552   417.15087     0.09048
   500.0     158988301.1     0.90258     3.08683   101.47264     7.11027   759.69839     0.11113
   600.0     192452555.5     0.94776     3.16263   110.66271     6.21972   764.95960     0.11336
   700.0     107658010.8     0.88657     2.81813    94.88011     7.55008   985.45985     0.11755
   800.0      99773209.5     0.86953     2.68827    89.50207     7.97277  1173.62735     0.13935
   900.0     111792600.0     0.89222     2.74778    95.95298     7.15913  1187.86917     0.14980
  1000.0     136628076.3     0.84945     2.56029    89.90076     7.68416  1483.94757     0.14319
  1200.0     161474491.7     0.98107     2.92867   116.88612     4.69901  1598.09654     0.26509
  1400.0     124200216.7     1.09679     2.95225   124.42157     3.78170  1536.64182     0.23233
  1600.0      79191439.4     1.02855     2.76084   111.38838     5.08570  1926.73422     0.20393
  1800.0      57659305.3     1.05041     2.69036   107.71257     5.22194  2050.00881     0.28718
  2000.0      51406798.1     1.03702     2.62435   102.67275     5.89206  2355.96084     0.20616
  2400.0      46796348.0     1.04337     2.55548   101.45272     5.90112  2757.70257     0.32878
  2800.0      43605799.5     1.06566     2.51590   102.50482     5.43261  2988.21276     0.46909
  3200.0      43137111.1     1.06001     2.46903   101.53746     5.34269  3540.46331     0.53276
  3600.0      45685279.4     1.07699     2.45745   103.29617     5.09386  3909.51024     0.51137
  4000.0      39131666.7     1.08723     2.40858   100.73738     5.11250  4265.79714     0.81004
