    50.0       1277581.1     1.21909     4.37243    20.39951    20.96531    54.46637     0.00711
    75.0      15451544.2     1.17681     4.38997    45.85026    17.43455    80.97483     0.01616
   100.0      56432245.9     1.18335     4.46946    52.98749    16.85352   106.07036     0.05263
   125.0     136606310.7     1.06140     4.29389    76.32098    13.49168   142.89529     0.06039
   150.0     681359390.6     1.08675     4.53887    90.90258    12.46004   171.38854     0.05757
   175.0     731482470.8     1.01521     4.34022   100.16084    11.11724   220.46944     0.04861
   200.0     267883176.4     0.98798     4.01112    91.85711    11.83792   259.77975     0.05823
   250.0    3698636905.2     1.15023     4.58690   127.70796     8.99089   269.30204     0.05472
   300.0     240202637.4     1.07106     3.89891    95.32575    11.40375   340.44720     0.08250
   350.0    1132141382.3     1.16160     4.18765   118.98355     9.33951   368.03568     0.04457
   400.0     369399941.7     1.05523     3.81179   106.92193     9.95863   453.43287     0.07836
   500.0     118542676.9     0.96277     3.34723    92.86951    10.85138   639.80572     0.09278
   600.0      85061073.4     0.93824     3.14905    87.37404    11.25567   778.73556     0.07773
   700.0      67423626.6     0.93581     3.03340    84.30226    11.49649   883.62463     0.08897
   800.0      68448451.4     0.90314     2.88684    81.89913    11.46651  1057.27771     0.16780
   900.0      77675139.7     0.89090     2.82152    81.02242    11.47651  1232.94313     0.14134
  1000.0      80418941.1     0.87419     2.71655    79.47148    11.55893  1372.08562     0.18941
  1200.0      76621633.7     1.01290     2.97935    95.76575     9.76724  1572.54730     0.17628
  1400.0      39350613.7     1.05977     2.84828    90.01724    10.33445  1643.76802     0.16514
  1600.0      33158817.1     1.08629     2.78415    90.58491    10.08491  1755.03828     0.20910
  1800.0      28073883.2     1.07509     2.70390    87.30595    10.30595  2029.13701     0.23170
  2000.0      23825322.1     1.06947     2.63070    85.05837    10.48991  2222.51933     0.26193
  2400.0      22959065.1     1.06842     2.56284    83.07360    10.59550  2618.30009     0.29036
  2800.0      20579978.0     1.08049     2.50196    81.84792    10.59995  3030.28297     0.45703
  3200.0      19301024.1     1.09887     2.46173    81.10258    10.53068  3335.96995     0.49694
  3600.0      19742910.9     1.12117     2.44189    82.00825    10.35223  3596.50195     0.58635
  4000.0      15855483.9     1.12924     2.37789    76.16968    11.32452  3909.05323     0.62102
