   0  102.5391   25.63  0.814584   1.00000
   1  112.3047   28.08  0.798828   1.00000
   2  122.0703   30.52  0.783377   1.33333
   3  129.3945   32.35  0.771986   1.00000
   4  139.1602   34.79  0.757054   1.33333
   5  146.4844   36.62  0.746045   1.00000
   6  156.2500   39.06  0.731616   0.66667
   7  170.8984   42.72  0.710492   0.50000
   8  190.4297   47.61  0.683274   0.66667
   9  205.0781   51.27  0.663547   0.50000
  10  224.6094   56.15  0.638126   0.50000
  11  244.1406   61.04  0.613680   0.66667
  12  258.7891   64.70  0.595962   0.50000
  13  278.3203   69.58  0.573131   0.66667
  14  292.9688   73.24  0.556584   0.50000
  15  312.5000   78.12  0.535261   0.33333
  16  341.7969   85.45  0.504800   0.25000
  17  380.8594   95.21  0.466863   0.33333
  18  410.1562  102.54  0.440294   0.25000
  19  449.2188  112.30  0.407205   0.25000
  20  488.2812  122.07  0.376603   0.33333
  21  517.5781  129.39  0.355171   0.25000
  22  556.6406  139.16  0.328479   0.33333
  23  585.9375  146.48  0.309786   0.25000
  24  625.0000  156.25  0.286505   0.16667
  25  683.5938  170.90  0.254823   0.12500
  26  761.7188  190.43  0.217961   0.16667
  27  820.3125  205.08  0.193859   0.12500
  28  898.4375  224.61  0.165816   0.12500
  29  976.5625  244.14  0.141830   0.16667
  30 1035.1562  258.79  0.126146   0.12500
  31 1113.2812  278.32  0.107899   0.16667
  32 1171.8750  292.97  0.095967   0.12500
  33 1250.0000  312.50  0.082085   0.08333
  34 1367.1875  341.80  0.064935   0.06250
  35 1523.4375  380.86  0.047507   0.08333
  36 1640.6250  410.16  0.037581   0.06250
  37 1796.8750  449.22  0.027495   0.06250
  38 1953.1250  488.28  0.020116   0.08333
  39 2070.3125  517.58  0.015913   0.06250
  40 2226.5625  556.64  0.011642   0.08333
  41 2343.7500  585.94  0.009210   0.06250
  42 2500.0000  625.00  0.006738   0.04167
  43 2734.3750  683.59  0.004216   0.03125
  44 3046.8750  761.72  0.002257   0.04167
  45 3281.2500  820.31  0.001412   0.03125
  46 3593.7500  898.44  0.000756   0.03125
  47 3906.2500  976.56  0.000405   0.06250
  48 3999.9900 1000.00  0.000335   0.03125
