    50.0   3.7146612e-01    1.047310    2.219325   15.053281   22.785071   59.234405    0.000216
    75.0   3.2817137e+07    1.149170    6.078718  115.132728   13.213448   82.473298    0.000127
   100.0   1.8271781e+15    1.233792    9.401247  346.021611    3.202768  107.365239    0.000238
   125.0   7.8502169e+10    1.144032    7.100081  243.702302    5.593120  139.966513    0.000538
   150.0   8.3896388e+12    1.303901    7.939313  323.529167    2.419778  156.179935    0.000404
   175.0   2.7224973e+11    1.274636    7.148510  284.284060    3.189164  187.155295    0.001207
   200.0   1.6932491e+09    1.188298    6.021165  219.724239    5.572602  218.983290    0.000788
   250.0   1.9566585e+08    1.178968    5.453131  198.332051    6.209289  268.233729    0.001043
   300.0   1.1624075e+08    1.237311    5.275494  196.241923    6.084672  312.877786    0.001295
   350.0   3.7827844e+07    1.164710    4.932879  186.152459    6.221846  381.512033    0.001755
   400.0   7.5196204e+06    1.112831    4.530642  163.188313    7.359905  447.180069    0.002882
   500.0   5.5727982e+06    1.056357    4.294589  166.680085    6.585907  575.993598    0.004975
   600.0   1.3954273e+06    1.039453    3.947523  142.293872    8.319565  697.777920    0.004308
   700.0   5.4582446e+05    0.980641    3.616456  127.022784    9.060055  827.686694    0.006352
   800.0   7.9443292e+05    0.966877    3.604286  131.393426    8.683164 1020.998112    0.007545
   900.0   5.5393549e+05    0.975567    3.497244  129.640037    8.556433 1017.289470    0.008563
  1000.0   4.8483689e+05    0.936250    3.346152  123.166470    8.972562 1208.970568    0.012825
  1200.0   2.6280119e+05    1.127775    3.419839  130.846638    8.143829 1315.414324    0.013099
  1400.0   9.2220207e+04    1.105418    3.158920  114.914164    9.308532 1521.251600    0.014466
  1600.0   7.3952712e+04    1.163183    3.096670  113.081080    9.466420 1600.100000    0.015237
  1800.0   6.3615671e+04    1.140682    3.013699  110.698647    9.537102 1908.868861    0.013889
  2000.0   5.3124753e+04    1.152461    2.923093  104.859022   10.121094 2000.100000    0.022760
  2400.0   5.1125255e+04    1.109828    2.828278  101.688600   10.333745 2595.237775    0.027135
  2800.0   4.3981130e+04    1.141577    2.767974   99.769618   10.426440 2910.679457    0.033020
  3200.0   3.3504561e+04    1.104639    2.680966   94.983184   10.798137 3200.100000    0.050013
  3600.0   3.0931043e+04    1.155761    2.659467   94.203849   10.861426 3600.100000    0.053982
  4000.0   3.1983661e+04    1.146078    2.626067   94.267243   10.733508 4000.100000    0.051585
