    50.0   1.7215226e-03    1.087428    0.534283    4.890651   24.293864   56.848043    0.000130
    75.0   2.4756891e+06    1.192580    5.291008   98.713328   11.987736   81.185142    0.000122
   100.0   5.3625451e+14    1.296143    8.927906  346.455430    1.056314  105.674254    0.000273
   125.0   3.6556202e+09    1.169729    6.273976  214.844751    4.625223  136.906075    0.000320
   150.0   2.8082953e+12    1.301355    7.483373  326.219195    0.124469  156.494184    0.000478
   175.0   5.7765180e+10    1.282650    6.604064  281.294525    1.082753  183.211800    0.001066
   200.0   2.6943287e+10    1.254170    6.343206  281.926393    0.622481  212.376405    0.000869
   250.0   6.0655911e+09    1.268845    5.921085  270.846909    0.554080  259.419525    0.001264
   300.0   3.9643019e+07    1.114636    4.799050  191.211160    4.166477  337.863589    0.001674
   350.0   3.7309873e+07    1.160043    4.744913  193.278688    4.032974  377.176456    0.002052
   400.0   4.6195805e+07    1.140062    4.684079  209.347401    2.385759  431.562970    0.002867
   500.0   4.7196936e+06    1.053860    4.091244  171.177249    4.432941  571.216725    0.002600
   600.0   2.9709691e+06    1.018043    3.879406  165.973616    4.443808  708.197979    0.004818
   700.0   1.1123262e+06    0.966390    3.555488  145.304684    5.764396  860.300099    0.006945
   800.0   1.4581913e+06    0.958177    3.530517  152.222803    4.970713  993.479709    0.007133
   900.0   4.7034335e+05    0.915485    3.170639  128.952677    6.474070 1138.133446    0.008659
  1000.0   5.6523009e+05    0.902741    3.130513  127.013185    6.727742 1319.861477    0.009202
  1200.0   5.5072902e+05    1.126060    3.410634  151.258422    4.729711 1283.186429    0.010013
  1400.0   2.6252404e+05    1.098173    3.208765  139.670030    5.401572 1574.891344    0.009892
  1600.0   1.5304770e+05    1.101117    3.068666  128.380445    6.524965 1754.403830    0.011451
  1800.0   1.3506704e+05    1.120277    3.015810  128.428887    6.199102 1938.941117    0.015650
  2000.0   1.3514684e+05    1.086118    2.926586  125.644676    6.350203 2219.930221    0.018954
  2400.0   9.1119361e+04    1.079063    2.794799  116.075286    7.192650 2598.996299    0.021806
  2800.0   9.4555653e+04    1.107810    2.772981  118.318906    6.809889 2939.660518    0.027290
  3200.0   6.0759195e+04    1.132617    2.699779  111.095084    7.616993 3200.100000    0.028590
  3600.0   6.2052369e+04    1.116529    2.659275  109.644959    7.618080 3600.100000    0.035096
  4000.0   5.0813369e+04    1.090260    2.577397  103.943310    8.094711 4000.100000    0.046849
