      30.0000      40.0000     0.143639
      40.0000      50.0000     0.146490
      50.0000      60.0000     0.149382
      60.0000      70.0000     0.152316
      70.0000      80.0000     0.155292
      80.0000      90.0000     0.158310
      90.0000      100.000     0.161371
      100.000      110.000     0.164474
      110.000      120.000     0.167621
      120.000      130.000     0.170811
      130.000      140.000     0.174043
      140.000      150.000     0.177320
      150.000      160.000     0.180640
      160.000      170.000     0.184004
      170.000      180.000     0.187411
      180.000      190.000     0.190863
      190.000      200.000     0.194359
      200.000      210.000     0.197899
      210.000      220.000     0.201483
      220.000      230.000     0.205112
      230.000      240.000     0.208785
      240.000      250.000     0.212503
      250.000      260.000     0.216265
      260.000      270.000     0.220072
      270.000      280.000     0.223924
      280.000      290.000     0.227820
      290.000      300.000     0.231761
      300.000      310.000     0.235746
      310.000      320.000     0.239776
      320.000      330.000     0.243850
      330.000      340.000     0.247969
      340.000      350.000     0.252133
      350.000      360.000     0.256340
      360.000      370.000     0.260592
      370.000      380.000     0.264888
      380.000      390.000     0.269227
      390.000      400.000     0.273610
      400.000      410.000     0.278037
      410.000      420.000     0.282508
      420.000      430.000     0.287021
      430.000      440.000     0.291577
      440.000      450.000     0.296176
      450.000      460.000     0.300818
      460.000      470.000     0.305502
      470.000      480.000     0.310227
      480.000      490.000     0.314995
      490.000      500.000     0.319803
      500.000      510.000     0.324652
      510.000      520.000     0.329542
      520.000      530.000     0.334473
      530.000      540.000     0.339443
      540.000      550.000     0.344452
      550.000      560.000     0.349501
      560.000      570.000     0.354588
      570.000      580.000     0.359713
      580.000      590.000     0.364875
      590.000      600.000     0.370075
      600.000      610.000     0.375311
      610.000      620.000     0.380583
      620.000      630.000     0.385891
      630.000      640.000     0.391234
      640.000      650.000     0.396611
      650.000      660.000     0.402021
      660.000      670.000     0.407465
      670.000      680.000     0.412941
      680.000      690.000     0.418449
      690.000      700.000     0.423988
      700.000      710.000     0.429557
      710.000      720.000     0.435156
      720.000      730.000     0.440784
      730.000      740.000     0.446440
      740.000      750.000     0.452123
      750.000      760.000     0.457833
      760.000      770.000     0.463569
      770.000      780.000     0.469330
      780.000      790.000     0.475114
      790.000      800.000     0.480922
      800.000      810.000     0.486752
      810.000      820.000     0.492604
      820.000      830.000     0.498476
      830.000      840.000     0.504368
      840.000      850.000     0.510278
      850.000      860.000     0.516206
      860.000      870.000     0.522150
      870.000      880.000     0.528110
      880.000      890.000     0.534085
      890.000      900.000     0.540074
      900.000      910.000     0.546074
      910.000      920.000     0.552087
      920.000      930.000     0.558110
      930.000      940.000     0.564142
      940.000      950.000     0.570182
      950.000      960.000     0.576229
      960.000      970.000     0.582282
      970.000      980.000     0.588340
      980.000      990.000     0.594402
      990.000      1000.00     0.600466
      1000.00      1010.00     0.606531
      1010.00      1020.00     0.612596
      1020.00      1030.00     0.618660
      1030.00      1040.00     0.624721
      1040.00      1050.00     0.630779
      1050.00      1060.00     0.636832
      1060.00      1070.00     0.642878
      1070.00      1080.00     0.648917
      1080.00      1090.00     0.654948
      1090.00      1100.00     0.660968
      1100.00      1110.00     0.666977
      1110.00      1120.00     0.672973
      1120.00      1130.00     0.678955
      1130.00      1140.00     0.684922
      1140.00      1150.00     0.690872
      1150.00      1160.00     0.696805
      1160.00      1170.00     0.702718
      1170.00      1180.00     0.708610
      1180.00      1190.00     0.714480
      1190.00      1200.00     0.720327
      1200.00      1210.00     0.726149
      1210.00      1220.00     0.731945
      1220.00      1230.00     0.737713
      1230.00      1240.00     0.743453
      1240.00      1250.00     0.749162
      1250.00      1260.00     0.754840
      1260.00      1270.00     0.760484
      1270.00      1280.00     0.766094
      1280.00      1290.00     0.771669
      1290.00      1300.00     0.777206
      1300.00      1310.00     0.782705
      1310.00      1320.00     0.788163
      1320.00      1330.00     0.793581
      1330.00      1340.00     0.798956
      1340.00      1350.00     0.804286
      1350.00      1360.00     0.809572
      1360.00      1370.00     0.814810
      1370.00      1380.00     0.820001
      1380.00      1390.00     0.825142
      1390.00      1400.00     0.830232
      1400.00      1410.00     0.835270
      1410.00      1420.00     0.840255
      1420.00      1430.00     0.845185
      1430.00      1440.00     0.850059
      1440.00      1450.00     0.854875
      1450.00      1460.00     0.859633
      1460.00      1470.00     0.864331
      1470.00      1480.00     0.868967
      1480.00      1490.00     0.873541
      1490.00      1500.00     0.878052
      1500.00      1510.00     0.882497
      1510.00      1520.00     0.886876
      1520.00      1530.00     0.891188
      1530.00      1540.00     0.895431
      1540.00      1550.00     0.899605
      1550.00      1560.00     0.903707
      1560.00      1570.00     0.907738
      1570.00      1580.00     0.911695
      1580.00      1590.00     0.915578
      1590.00      1600.00     0.919385
      1600.00      1610.00     0.923116
      1610.00      1620.00     0.926770
      1620.00      1630.00     0.930345
      1630.00      1640.00     0.933840
      1640.00      1650.00     0.937255
      1650.00      1660.00     0.940588
      1660.00      1670.00     0.943839
      1670.00      1680.00     0.947006
      1680.00      1690.00     0.950089
      1690.00      1700.00     0.953086
      1700.00      1710.00     0.955997
      1710.00      1720.00     0.958822
      1720.00      1730.00     0.961558
      1730.00      1740.00     0.964206
      1740.00      1750.00     0.966765
      1750.00      1760.00     0.969233
      1760.00      1770.00     0.971611
      1770.00      1780.00     0.973897
      1780.00      1790.00     0.976090
      1790.00      1800.00     0.978191
      1800.00      1810.00     0.980199
      1810.00      1820.00     0.982112
      1820.00      1830.00     0.983931
      1830.00      1840.00     0.985654
      1840.00      1850.00     0.987282
      1850.00      1860.00     0.988813
      1860.00      1870.00     0.990248
      1870.00      1880.00     0.991586
      1880.00      1890.00     0.992826
      1890.00      1900.00     0.993968
      1900.00      1910.00     0.995012
      1910.00      1920.00     0.995958
      1920.00      1930.00     0.996805
      1930.00      1940.00     0.997553
      1940.00      1950.00     0.998202
      1950.00      1960.00     0.998751
      1960.00      1970.00     0.999200
      1970.00      1980.00     0.999550
      1980.00      1990.00     0.999800
      1990.00      2000.00     0.999950
      2000.00      2010.00      1.00000
      2010.00      2020.00     0.999950
      2020.00      2030.00     0.999800
      2030.00      2040.00     0.999550
      2040.00      2050.00     0.999200
      2050.00      2060.00     0.998751
      2060.00      2070.00     0.998202
      2070.00      2080.00     0.997553
      2080.00      2090.00     0.996805
      2090.00      2100.00     0.995958
      2100.00      2110.00     0.995012
      2110.00      2120.00     0.993968
      2120.00      2130.00     0.992826
      2130.00      2140.00     0.991586
      2140.00      2150.00     0.990248
      2150.00      2160.00     0.988813
      2160.00      2170.00     0.987282
      2170.00      2180.00     0.985654
      2180.00      2190.00     0.983931
      2190.00      2200.00     0.982112
      2200.00      2210.00     0.980199
      2210.00      2220.00     0.978191
      2220.00      2230.00     0.976090
      2230.00      2240.00     0.973897
      2240.00      2250.00     0.971611
      2250.00      2260.00     0.969233
      2260.00      2270.00     0.966765
      2270.00      2280.00     0.964206
      2280.00      2290.00     0.961558
      2290.00      2300.00     0.958822
      2300.00      2310.00     0.955997
      2310.00      2320.00     0.953086
      2320.00      2330.00     0.950089
      2330.00      2340.00     0.947006
      2340.00      2350.00     0.943839
      2350.00      2360.00     0.940588
      2360.00      2370.00     0.937255
      2370.00      2380.00     0.933840
      2380.00      2390.00     0.930345
      2390.00      2400.00     0.926770
      2400.00      2410.00     0.923116
      2410.00      2420.00     0.919385
      2420.00      2430.00     0.915578
      2430.00      2440.00     0.911695
      2440.00      2450.00     0.907738
      2450.00      2460.00     0.903707
      2460.00      2470.00     0.899605
      2470.00      2480.00     0.895431
      2480.00      2490.00     0.891188
      2490.00      2500.00     0.886876
      2500.00      2510.00     0.882497
      2510.00      2520.00     0.878052
      2520.00      2530.00     0.873541
      2530.00      2540.00     0.868967
      2540.00      2550.00     0.864331
      2550.00      2560.00     0.859633
      2560.00      2570.00     0.854875
      2570.00      2580.00     0.850059
      2580.00      2590.00     0.845185
      2590.00      2600.00     0.840255
      2600.00      2610.00     0.835270
      2610.00      2620.00     0.830232
      2620.00      2630.00     0.825142
      2630.00      2640.00     0.820001
      2640.00      2650.00     0.814810
      2650.00      2660.00     0.809572
      2660.00      2670.00     0.804286
      2670.00      2680.00     0.798956
      2680.00      2690.00     0.793581
      2690.00      2700.00     0.788163
      2700.00      2710.00     0.782705
      2710.00      2720.00     0.777206
      2720.00      2730.00     0.771669
      2730.00      2740.00     0.766094
      2740.00      2750.00     0.760484
      2750.00      2760.00     0.754840
      2760.00      2770.00     0.749162
      2770.00      2780.00     0.743453
      2780.00      2790.00     0.737713
      2790.00      2800.00     0.731945
      2800.00      2810.00     0.726149
      2810.00      2820.00     0.720327
      2820.00      2830.00     0.714480
      2830.00      2840.00     0.708610
      2840.00      2850.00     0.702718
      2850.00      2860.00     0.696805
      2860.00      2870.00     0.690872
      2870.00      2880.00     0.684922
      2880.00      2890.00     0.678955
      2890.00      2900.00     0.672973
      2900.00      2910.00     0.666977
      2910.00      2920.00     0.660968
      2920.00      2930.00     0.654948
      2930.00      2940.00     0.648917
      2940.00      2950.00     0.642878
      2950.00      2960.00     0.636832
      2960.00      2970.00     0.630779
      2970.00      2980.00     0.624721
      2980.00      2990.00     0.618660
      2990.00      3000.00     0.612596
      3000.00      3010.00     0.606531
      3010.00      3020.00     0.600466
      3020.00      3030.00     0.594402
      3030.00      3040.00     0.588340
      3040.00      3050.00     0.582282
      3050.00      3060.00     0.576229
      3060.00      3070.00     0.570182
      3070.00      3080.00     0.564142
      3080.00      3090.00     0.558110
      3090.00      3100.00     0.552087
      3100.00      3110.00     0.546074
      3110.00      3120.00     0.540074
      3120.00      3130.00     0.534085
      3130.00      3140.00     0.528110
      3140.00      3150.00     0.522150
      3150.00      3160.00     0.516206
      3160.00      3170.00     0.510278
      3170.00      3180.00     0.504368
      3180.00      3190.00     0.498476
      3190.00      3200.00     0.492604
      3200.00      3210.00     0.486752
      3210.00      3220.00     0.480922
      3220.00      3230.00     0.475114
      3230.00      3240.00     0.469330
      3240.00      3250.00     0.463569
      3250.00      3260.00     0.457833
      3260.00      3270.00     0.452123
      3270.00      3280.00     0.446440
      3280.00      3290.00     0.440784
      3290.00      3300.00     0.435156
      3300.00      3310.00     0.429557
      3310.00      3320.00     0.423988
      3320.00      3330.00     0.418449
      3330.00      3340.00     0.412941
      3340.00      3350.00     0.407465
      3350.00      3360.00     0.402021
      3360.00      3370.00     0.396611
      3370.00      3380.00     0.391234
      3380.00      3390.00     0.385891
      3390.00      3400.00     0.380583
      3400.00      3410.00     0.375311
      3410.00      3420.00     0.370075
      3420.00      3430.00     0.364875
      3430.00      3440.00     0.359713
      3440.00      3450.00     0.354588
      3450.00      3460.00     0.349501
      3460.00      3470.00     0.344452
      3470.00      3480.00     0.339443
      3480.00      3490.00     0.334473
      3490.00      3500.00     0.329542
      3500.00      3510.00     0.324652
      3510.00      3520.00     0.319803
      3520.00      3530.00     0.314995
      3530.00      3540.00     0.310227
      3540.00      3550.00     0.305502
      3550.00      3560.00     0.300818
      3560.00      3570.00     0.296176
      3570.00      3580.00     0.291577
      3580.00      3590.00     0.287021
      3590.00      3600.00     0.282508
      3600.00      3610.00     0.278037
      3610.00      3620.00     0.273610
      3620.00      3630.00     0.269227
      3630.00      3640.00     0.264888
      3640.00      3650.00     0.260592
      3650.00      3660.00     0.256340
      3660.00      3670.00     0.252133
      3670.00      3680.00     0.247969
      3680.00      3690.00     0.243850
      3690.00      3700.00     0.239776
      3700.00      3710.00     0.235746
      3710.00      3720.00     0.231761
      3720.00      3730.00     0.227820
      3730.00      3740.00     0.223924
      3740.00      3750.00     0.220072
      3750.00      3760.00     0.216265
      3760.00      3770.00     0.212503
      3770.00      3780.00     0.208785
      3780.00      3790.00     0.205112
      3790.00      3800.00     0.201483
      3800.00      3810.00     0.197899
      3810.00      3820.00     0.194359
      3820.00      3830.00     0.190863
      3830.00      3840.00     0.187411
      3840.00      3850.00     0.184004
      3850.00      3860.00     0.180640
      3860.00      3870.00     0.177320
      3870.00      3880.00     0.174043
      3880.00      3890.00     0.170811
      3890.00      3900.00     0.167621
      3900.00      3910.00     0.164474
      3910.00      3920.00     0.161371
      3920.00      3930.00     0.158310
      3930.00      3940.00     0.155292
      3940.00      3950.00     0.152316
      3950.00      3960.00     0.149382
      3960.00      3970.00     0.146490
      3970.00      3980.00     0.143639
      3980.00      3990.00     0.140830
      3990.00      4000.00     0.138062
      4000.00      4010.00     0.135335
      4010.00      4020.00     0.132649
      4020.00      4030.00     0.130003
      4030.00      4040.00     0.127397
      4040.00      4050.00     0.124830
      4050.00      4060.00     0.122303
      4060.00      4070.00     0.119816
      4070.00      4080.00     0.117367
      4080.00      4090.00     0.114957
      4090.00      4100.00     0.112585
      4100.00      4110.00     0.110251
      4110.00      4120.00     0.107954
      4120.00      4130.00     0.105695
      4130.00      4140.00     0.103472
      4140.00      4150.00     0.101287
      4150.00      4160.00    0.0991373
      4160.00      4170.00    0.0970237
      4170.00      4180.00    0.0949457
      4180.00      4190.00    0.0929029
      4190.00      4200.00    0.0908950
      4200.00      4210.00    0.0889216
      4210.00      4220.00    0.0869824
      4220.00      4230.00    0.0850769
      4230.00      4240.00    0.0832048
      4240.00      4250.00    0.0813658
      4250.00      4260.00    0.0795595
      4260.00      4270.00    0.0777855
      4270.00      4280.00    0.0760435
      4280.00      4290.00    0.0743330
      4290.00      4300.00    0.0726538
      4300.00      4310.00    0.0710054
      4310.00      4320.00    0.0693874
      4320.00      4330.00    0.0677995
      4330.00      4340.00    0.0662414
      4340.00      4350.00    0.0647126
      4350.00      4360.00    0.0632127
      4360.00      4370.00    0.0617414
      4370.00      4380.00    0.0602984
      4380.00      4390.00    0.0588832
      4390.00      4400.00    0.0574954
      4400.00      4410.00    0.0561348
      4410.00      4420.00    0.0548008
      4420.00      4430.00    0.0534932
      4430.00      4440.00    0.0522116
      4440.00      4450.00    0.0509556
      4450.00      4460.00    0.0497249
      4460.00      4470.00    0.0485190
      4470.00      4480.00    0.0473376
      4480.00      4490.00    0.0461804
      4490.00      4500.00    0.0450470
      4500.00      4510.00    0.0439369
      4510.00      4520.00    0.0428500
      4520.00      4530.00    0.0417857
      4530.00      4540.00    0.0407439
      4540.00      4550.00    0.0397240
      4550.00      4560.00    0.0387258
      4560.00      4570.00    0.0377489
      4570.00      4580.00    0.0367929
      4580.00      4590.00    0.0358576
      4590.00      4600.00    0.0349426
      4600.00      4610.00    0.0340475
      4610.00      4620.00    0.0331720
      4620.00      4630.00    0.0323158
      4630.00      4640.00    0.0314785
      4640.00      4650.00    0.0306599
      4650.00      4660.00    0.0298596
      4660.00      4670.00    0.0290772
      4670.00      4680.00    0.0283126
      4680.00      4690.00    0.0275652
      4690.00      4700.00    0.0268350
      4700.00      4710.00    0.0261214
      4710.00      4720.00    0.0254243
      4720.00      4730.00    0.0247433
      4730.00      4740.00    0.0240782
      4740.00      4750.00    0.0234285
      4750.00      4760.00    0.0227942
      4760.00      4770.00    0.0221748
      4770.00      4780.00    0.0215700
      4780.00      4790.00    0.0209797
      4790.00      4800.00    0.0204035
      4800.00      4810.00    0.0198411
      4810.00      4820.00    0.0192923
      4820.00      4830.00    0.0187568
      4830.00      4840.00    0.0182343
      4840.00      4850.00    0.0177246
      4850.00      4860.00    0.0172275
      4860.00      4870.00    0.0167426
      4870.00      4880.00    0.0162697
      4880.00      4890.00    0.0158086
      4890.00      4900.00    0.0153591
      4900.00      4910.00    0.0149208
      4910.00      4920.00    0.0144936
      4920.00      4930.00    0.0140772
      4930.00      4940.00    0.0136714
      4940.00      4950.00    0.0132760
      4950.00      4960.00    0.0128907
      4960.00      4970.00    0.0125153
      4970.00      4980.00    0.0121497
      4980.00      4990.00    0.0117936
      4990.00      5000.00    0.0114467
      5000.00      5010.00    0.0111090
      5010.00      5020.00    0.0107801
