      30.0000      40.0000    0.0
      40.0000      50.0000    0.0
      50.0000      60.0000    0.0
      60.0000      70.0000    0.0
      70.0000      80.0000    0.0
      80.0000      90.0000    0.0
      90.0000      100.000    0.0
      100.000      110.000    0.0
      110.000      120.000    0.0
      120.000      130.000    0.0
      130.000      140.000    0.0
      140.000      150.000    0.0
      150.000      160.000    0.0
      160.000      170.000    0.0
      170.000      180.000    0.0
      180.000      190.000     0.0
      190.000      200.000     0.0
      200.000      210.000     0.0
      210.000      220.000     0.0
      220.000      230.000     0.0
      230.000      240.000     0.0
      240.000      250.000     0.0
      250.000      260.000     0.0
      260.000      270.000     0.0
      270.000      280.000     0.0
      280.000      290.000     0.0
      290.000      300.000     0.0
      300.000      310.000     0.0
      310.000      320.000     0.0
      320.000      330.000     0.0
      330.000      340.000     0.0
      340.000      350.000     0.0
      350.000      360.000     0.0
      360.000      370.000     0.0
      370.000      380.000     0.0
      380.000      390.000     0.0
      390.000      400.000     0.0
      400.000      410.000     0.0
      410.000      420.000     0.0
      420.000      430.000     0.0
      430.000      440.000     0.0
      440.000      450.000     0.0
      450.000      460.000     0.0
      460.000      470.000     0.0
      470.000      480.000     0.0
      480.000      490.000     0.0
      490.000      500.000     0.0
      500.000      510.000     0.0
      510.000      520.000     0.0
      520.000      530.000     0.0
      530.000      540.000     0.0
      540.000      550.000     0.0
      550.000      560.000     0.0
      560.000      570.000     0.0
      570.000      580.000     0.0
      580.000      590.000     0.0
      590.000      600.000     0.0
      600.000      610.000      0.0
      610.000      620.000     0.0
      620.000      630.000     0.0
      630.000      640.000     0.0
      640.000      650.000     0.0
      650.000      660.000     0.0
      660.000      670.000     0.0
      670.000      680.000     0.0
      680.000      690.000     0.0
      690.000      700.000     0.0
      700.000      710.000     0.0
      710.000      720.000     0.0
      720.000      730.000     0.0
      730.000      740.000     0.0
      740.000      750.000     0.0
      750.000      760.000     0.0
      760.000      770.000     0.0
      770.000      780.000     0.0
      780.000      790.000     0.0
      790.000      800.000     0.0
      800.000      810.000     0.0
      810.000      820.000     0.0
      820.000      830.000     0.0
      830.000      840.000     0.0
      840.000      850.000     0.0
      850.000      860.000     0.0
      860.000      870.000     0.0
      870.000      880.000     0.0
      880.000      890.000     0.0
      890.000      900.000     0.0
      900.000      910.000     0.0
      910.000      920.000     0.0
      920.000      930.000     0.0
      930.000      940.000     0.0
      940.000      950.000     0.0
      950.000      960.000     0.0
      960.000      970.000     0.0
      970.000      980.000     0.0
      980.000      990.000     0.0
      990.000      1000.00     0.0
      1000.00      1010.00     0.0
      1010.00      1020.00     0.0
      1020.00      1030.00     0.0
      1030.00      1040.00    0.0
      1040.00      1050.00    0.0
      1050.00      1060.00    0.0
      1060.00      1070.00    0.0
      1070.00      1080.00    0.0
      1080.00      1090.00    0.0
      1090.00      1100.00    0.0
      1100.00      1110.00    0.0
      1110.00      1120.00    0.0
      1120.00      1130.00    0.0
      1130.00      1140.00    0.0
      1140.00      1150.00    0.0
      1150.00      1160.00    0.0
      1160.00      1170.00    0.0
      1170.00      1180.00    0.0
      1180.00      1190.00    0.0
      1190.00      1200.00    0.0
      1200.00      1210.00    0.0
      1210.00      1220.00   0.0
      1220.00      1230.00   0.0
      1230.00      1240.00   0.0
      1240.00      1250.00   0.0
      1250.00      1260.00   0.0
      1260.00      1270.00   0.0
      1270.00      1280.00   0.0
      1280.00      1290.00   0.0
      1290.00      1300.00   0.0
      1300.00      1310.00   0.0
      1310.00      1320.00   0.0
      1320.00      1330.00   100.0
      1330.00      1340.00   0.0
      1340.00      1350.00   0.0
      1350.00      1360.00  0.0
      1360.00      1370.00  0.0
      1370.00      1380.00  0.0
      1380.00      1390.00  0.0
      1390.00      1400.00  0.0
      1400.00      1410.00  0.0
      1410.00      1420.00  0.0
      1420.00      1430.00  0.0
      1430.00      1440.00  0.0
      1440.00      1450.00  0.0
      1450.00      1460.00  0.0
      1460.00      1470.00  0.0
      1470.00      1480.00  0.0
      1480.00      1490.00  0.0
      1490.00      1500.00  0.0
      1500.00      1510.00  0.0
      1510.00      1520.00  0.0
      1520.00      1530.00  0.0
      1530.00      1540.00  0.0
      1540.00      1550.00  0.0
      1550.00      1560.00  0.0
      1560.00      1570.00  0.0
      1570.00      1580.00  0.0
      1580.00      1590.00  0.0
      1590.00      1600.00  0.0
      1600.00      1610.00  0.0
      1610.00      1620.00  0.0
      1620.00      1630.00  0.0
      1630.00      1640.00  0.0
      1640.00      1650.00  0.0
      1650.00      1660.00  0.0
      1660.00      1670.00  0.0
      1670.00      1680.00  0.0
      1680.00      1690.00  0.0
      1690.00      1700.00  0.0
      1700.00      1710.00  0.0
      1710.00      1720.00  0.0
      1720.00      1730.00  0.0
      1730.00      1740.00  0.0
      1740.00      1750.00  0.0
      1750.00      1760.00  0.0
      1760.00      1770.00  0.0
      1770.00      1780.00  0.0
      1780.00      1790.00  0.0
      1790.00      1800.00  0.0
      1800.00      1810.00  0.0
      1810.00      1820.00  0.0
      1820.00      1830.00  0.0
      1830.00      1840.00  0.0
      1840.00      1850.00  0.0
      1850.00      1860.00  0.0
      1860.00      1870.00  0.0
      1870.00      1880.00  0.0
      1880.00      1890.00  0.0
      1890.00      1900.00  0.0
      1900.00      1910.00  0.0
      1910.00      1920.00  0.0
      1920.00      1930.00  0.0
      1930.00      1940.00  0.0
      1940.00      1950.00  0.0
      1950.00      1960.00  0.0
      1960.00      1970.00  0.0
      1970.00      1980.00  0.0
      1980.00      1990.00  0.0
      1990.00      2000.00  0.0
      2000.00      2010.00  0.0
      2010.00      2020.00  0.0
      2020.00      2030.00  0.0
      2030.00      2040.00  0.0
      2040.00      2050.00  0.0
      2050.00      2060.00  0.0
      2060.00      2070.00  0.0
      2070.00      2080.00  0.0
      2080.00      2090.00  0.0
      2090.00      2100.00  0.0
      2100.00      2110.00  0.0
      2110.00      2120.00  0.0
      2120.00      2130.00  0.0
      2130.00      2140.00  0.0
      2140.00      2150.00  0.0
      2150.00      2160.00  0.0
      2160.00      2170.00  0.0
      2170.00      2180.00  0.0
      2180.00      2190.00  0.0
      2190.00      2200.00  0.0
      2200.00      2210.00  0.0
      2210.00      2220.00  0.0
      2220.00      2230.00  0.0
      2230.00      2240.00  0.0
      2240.00      2250.00  0.0
      2250.00      2260.00  0.0
      2260.00      2270.00  0.0
      2270.00      2280.00  0.0
      2280.00      2290.00  0.0
      2290.00      2300.00  0.0
      2300.00      2310.00  0.0
      2310.00      2320.00  0.0
      2320.00      2330.00  0.0
      2330.00      2340.00  0.0
      2340.00      2350.00  0.0
      2350.00      2360.00  0.0
      2360.00      2370.00  0.0
      2370.00      2380.00  0.0
      2380.00      2390.00  0.0
      2390.00      2400.00  0.0
      2400.00      2410.00  0.0
      2410.00      2420.00  0.0
      2420.00      2430.00  0.0
      2430.00      2440.00  0.0
      2440.00      2450.00  0.0
      2450.00      2460.00  0.0
      2460.00      2470.00  0.0
      2470.00      2480.00  0.0
      2480.00      2490.00  0.0
      2490.00      2500.00  0.0
      2500.00      2510.00  0.0
      2510.00      2520.00  0.0
      2520.00      2530.00  0.0
      2530.00      2540.00  0.0
      2540.00      2550.00  0.0
      2550.00      2560.00  0.0
      2560.00      2570.00  0.0
      2570.00      2580.00  0.0
      2580.00      2590.00  0.0
      2590.00      2600.00  0.0
      2600.00      2610.00  0.0
      2610.00      2620.00  0.0
      2620.00      2630.00  0.0
      2630.00      2640.00  0.0
      2640.00      2650.00  0.0
      2650.00      2660.00  0.0
      2660.00      2670.00  0.0
      2670.00      2680.00  0.0
      2680.00      2690.00  0.0
      2690.00      2700.00  0.0
      2700.00      2710.00  0.0
      2710.00      2720.00  0.0
      2720.00      2730.00  0.0
      2730.00      2740.00  0.0
      2740.00      2750.00  0.0
      2750.00      2760.00  0.0
      2760.00      2770.00  0.0
      2770.00      2780.00  0.0
      2780.00      2790.00  0.0
      2790.00      2800.00  0.0
      2800.00      2810.00  0.0
      2810.00      2820.00  0.0
      2820.00      2830.00  0.0
      2830.00      2840.00  0.0
      2840.00      2850.00  0.0
      2850.00      2860.00  0.0
      2860.00      2870.00  0.0
      2870.00      2880.00  0.0
      2880.00      2890.00  0.0
      2890.00      2900.00  0.0
      2900.00      2910.00  0.0
      2910.00      2920.00  0.0
      2920.00      2930.00  0.0
      2930.00      2940.00  0.0
      2940.00      2950.00  0.0
      2950.00      2960.00  0.0
      2960.00      2970.00  0.0
      2970.00      2980.00  0.0
      2980.00      2990.00  0.0
      2990.00      3000.00  0.0
      3000.00      3010.00  0.0
      3010.00      3020.00  0.0
      3020.00      3030.00  0.0
      3030.00      3040.00  0.0
      3040.00      3050.00  0.0
      3050.00      3060.00  0.0
      3060.00      3070.00  0.0
      3070.00      3080.00  0.0
      3080.00      3090.00  0.0
      3090.00      3100.00  0.0
      3100.00      3110.00  0.0
      3110.00      3120.00  0.0
      3120.00      3130.00  0.0
      3130.00      3140.00  0.0
      3140.00      3150.00  0.0
      3150.00      3160.00  0.0
      3160.00      3170.00  0.0
      3170.00      3180.00  0.0
      3180.00      3190.00  0.0
      3190.00      3200.00  0.0
      3200.00      3210.00  0.0
      3210.00      3220.00  0.0
      3220.00      3230.00  0.0
      3230.00      3240.00  0.0
      3240.00      3250.00  0.0
      3250.00      3260.00  0.0
      3260.00      3270.00  0.0
      3270.00      3280.00  0.0
      3280.00      3290.00  0.0
      3290.00      3300.00  0.0
      3300.00      3310.00  0.0
      3310.00      3320.00  0.0
      3320.00      3330.00  0.0
      3330.00      3340.00  0.0
      3340.00      3350.00  0.0
      3350.00      3360.00  0.0
      3360.00      3370.00  0.0
      3370.00      3380.00  0.0
      3380.00      3390.00  0.0
      3390.00      3400.00  0.0
      3400.00      3410.00  0.0
      3410.00      3420.00  0.0
      3420.00      3430.00  0.0
      3430.00      3440.00  0.0
      3440.00      3450.00  0.0
      3450.00      3460.00  0.0
      3460.00      3470.00  0.0
      3470.00      3480.00  0.0
      3480.00      3490.00  0.0
      3490.00      3500.00    0.0
      3500.00      3510.00    0.0
      3510.00      3520.00    0.0
      3520.00      3530.00    0.0
      3530.00      3540.00    0.0
      3540.00      3550.00    0.0
      3550.00      3560.00    0.0
      3560.00      3570.00    0.0
      3570.00      3580.00    0.0
      3580.00      3590.00    0.0
      3590.00      3600.00    0.0
      3600.00      3610.00    0.0
      3610.00      3620.00    0.0
      3620.00      3630.00    0.0
      3630.00      3640.00    0.0
      3640.00      3650.00    0.0
      3650.00      3660.00    0.0
      3660.00      3670.00    0.0
      3670.00      3680.00    0.0
      3680.00      3690.00    0.0
      3690.00      3700.00    0.0
      3700.00      3710.00    0.0
      3710.00      3720.00    0.0
      3720.00      3730.00    0.0
      3730.00      3740.00    0.0
      3740.00      3750.00    0.0
      3750.00      3760.00    0.0
      3760.00      3770.00    0.0
      3770.00      3780.00    0.0
      3780.00      3790.00    0.0
      3790.00      3800.00    0.0
      3800.00      3810.00    0.0
      3810.00      3820.00    0.0
      3820.00      3830.00    0.0
      3830.00      3840.00    0.0
      3840.00      3850.00    0.0
      3850.00      3860.00    0.0
      3860.00      3870.00    0.0
      3870.00      3880.00    0.0
      3880.00      3890.00    0.0
      3890.00      3900.00    0.0
      3900.00      3910.00    0.0
      3910.00      3920.00    0.0
      3920.00      3930.00    0.0
      3930.00      3940.00    0.0
      3940.00      3950.00    0.0
      3950.00      3960.00    0.0
      3960.00      3970.00    0.0
      3970.00      3980.00    0.0
      3980.00      3990.00    0.0
      3990.00      4000.00    0.0
      4000.00      4010.00    0.0
      4010.00      4020.00    0.0
      4020.00      4030.00    0.0
      4030.00      4040.00    0.0
      4040.00      4050.00    0.0
      4050.00      4060.00    0.0
      4060.00      4070.00    0.0
      4070.00      4080.00    0.0
      4080.00      4090.00    0.0
      4090.00      4100.00    0.0
      4100.00      4110.00    0.0
      4110.00      4120.00    0.0
      4120.00      4130.00    0.0
      4130.00      4140.00    0.0
      4140.00      4150.00    0.0
      4150.00      4160.00    0.0
      4160.00      4170.00    0.0
      4170.00      4180.00    0.0
      4180.00      4190.00    0.0
      4190.00      4200.00    0.0
      4200.00      4210.00    0.0
      4210.00      4220.00    0.0
      4220.00      4230.00    0.0
      4230.00      4240.00    0.0
      4240.00      4250.00    0.0
      4250.00      4260.00    0.0
      4260.00      4270.00    0.0
      4270.00      4280.00    0.0
      4280.00      4290.00    0.0
      4290.00      4300.00    0.0
      4300.00      4310.00    0.0
      4310.00      4320.00    0.0
      4320.00      4330.00    0.0
      4330.00      4340.00    0.0
      4340.00      4350.00    0.0
      4350.00      4360.00    0.0
      4360.00      4370.00    0.0
      4370.00      4380.00    0.0
      4380.00      4390.00    0.0
      4390.00      4400.00    0.0
      4400.00      4410.00    0.0
      4410.00      4420.00    0.0
      4420.00      4430.00    0.0
      4430.00      4440.00    0.0
      4440.00      4450.00    0.0
      4450.00      4460.00    0.0
      4460.00      4470.00    0.0
      4470.00      4480.00    0.0
      4480.00      4490.00    0.0
      4490.00      4500.00    0.0
      4500.00      4510.00    0.0
      4510.00      4520.00    0.0
      4520.00      4530.00    0.0
      4530.00      4540.00    0.0
      4540.00      4550.00    0.0
      4550.00      4560.00    0.0
      4560.00      4570.00    0.0
      4570.00      4580.00    0.0
      4580.00      4590.00    0.0
      4590.00      4600.00    0.0
      4600.00      4610.00    0.0
      4610.00      4620.00    0.0
      4620.00      4630.00    0.0
      4630.00      4640.00    0.0
      4640.00      4650.00    0.0
      4650.00      4660.00    0.0
      4660.00      4670.00    0.0
      4670.00      4680.00    0.0
      4680.00      4690.00    0.0
      4690.00      4700.00    0.0
      4700.00      4710.00    0.0
      4710.00      4720.00    0.0
      4720.00      4730.00    0.0
      4730.00      4740.00    0.0
      4740.00      4750.00    0.0
      4750.00      4760.00    0.0
      4760.00      4770.00    0.0
      4770.00      4780.00    0.0
      4780.00      4790.00    0.0
      4790.00      4800.00    0.0
      4800.00      4810.00    0.0
      4810.00      4820.00    0.0
      4820.00      4830.00    0.0
      4830.00      4840.00    0.0
      4840.00      4850.00      0.00000
      4850.00      4860.00      0.00000
      4860.00      4870.00      0.00000
      4870.00      4880.00      0.00000
      4880.00      4890.00      0.00000
      4890.00      4900.00      0.00000
      4900.00      4910.00      0.00000
      4910.00      4920.00      0.00000
      4920.00      4930.00      0.00000
      4930.00      4940.00      0.00000
      4940.00      4950.00      0.00000
      4950.00      4960.00      0.00000
      4960.00      4970.00      0.00000
      4970.00      4980.00      0.00000
      4980.00      4990.00      0.00000
      4990.00      5000.00      0.00000
      5000.00      5010.00      0.00000
      5010.00      5020.00      0.00000
