MAVEN LPW LP Sweep DAC-to-sweep voltage calibration Wed Sep 03 15:19:55 2014
DAC Step	V1	V2
0	49.5119	49.3390
1	49.4884	49.3157
2	49.4650	49.2923
3	49.4414	49.2688
4	49.4177	49.2452
5	49.3939	49.2215
6	49.3699	49.1976
7	49.3459	49.1737
8	49.3219	49.1497
9	49.2980	49.1257
10	49.2740	49.1017
11	49.2500	49.0777
12	49.2260	49.0537
13	49.2019	49.0298
14	49.1778	49.0059
15	49.1537	48.9820
16	49.1296	48.9581
17	49.1055	48.9341
18	49.0814	48.9100
19	49.0574	48.8859
20	49.0333	48.8618
21	49.0092	48.8378
22	48.9852	48.8137
23	48.9612	48.7897
24	48.9371	48.7657
25	48.9130	48.7417
26	48.8889	48.7176
27	48.8649	48.6936
28	48.8408	48.6695
29	48.8168	48.6453
30	48.7928	48.6211
31	48.7688	48.5969
32	48.7448	48.5728
33	48.7208	48.5488
34	48.6967	48.5248
35	48.6726	48.5008
36	48.6486	48.4768
37	48.6246	48.4527
38	48.6006	48.4287
39	48.5766	48.4046
40	48.5526	48.3805
41	48.5285	48.3565
42	48.5043	48.3324
43	48.4802	48.3084
44	48.4561	48.2844
45	48.4321	48.2604
46	48.4081	48.2364
47	48.3841	48.2123
48	48.3601	48.1883
49	48.3361	48.1642
50	48.3121	48.1402
51	48.2882	48.1161
52	48.2642	48.0920
53	48.2402	48.0680
54	48.2163	48.0440
55	48.1923	48.0199
56	48.1683	47.9959
57	48.1443	47.9718
58	48.1202	47.9477
59	48.0962	47.9236
60	48.0721	47.8994
61	48.0480	47.8753
62	48.0239	47.8511
63	47.9998	47.8269
64	47.9757	47.8027
65	47.9517	47.7784
66	47.9276	47.7541
67	47.9036	47.7297
68	47.8796	47.7054
69	47.8556	47.6812
70	47.8315	47.6570
71	47.8075	47.6328
72	47.7835	47.6087
73	47.7595	47.5845
74	47.7356	47.5604
75	47.7117	47.5363
76	47.6877	47.5122
77	47.6637	47.4882
78	47.6397	47.4642
79	47.6156	47.4402
80	47.5915	47.4161
81	47.5673	47.3919
82	47.5430	47.3677
83	47.5187	47.3435
84	47.4944	47.3192
85	47.4703	47.2950
86	47.4462	47.2707
87	47.4221	47.2465
88	47.3980	47.2223
89	47.3737	47.1982
90	47.3493	47.1740
91	47.3250	47.1499
92	47.3007	47.1258
93	47.2766	47.1016
94	47.2525	47.0775
95	47.2285	47.0533
96	47.2044	47.0292
97	47.1802	47.0052
98	47.1561	46.9812
99	47.1319	46.9571
100	47.1077	46.9330
101	47.0835	46.9087
102	47.0594	46.8844
103	47.0352	46.8600
104	47.0111	46.8357
105	46.9871	46.8115
106	46.9630	46.7874
107	46.9390	46.7633
108	46.9149	46.7392
109	46.8907	46.7151
110	46.8664	46.6910
111	46.8421	46.6668
112	46.8178	46.6427
113	46.7936	46.6186
114	46.7695	46.5944
115	46.7454	46.5702
116	46.7214	46.5461
117	46.6975	46.5221
118	46.6736	46.4981
119	46.6496	46.4740
120	46.6253	46.4496
121	46.6007	46.4249
122	46.5759	46.4000
123	46.5509	46.3749
124	46.5258	46.3496
125	46.5005	46.3241
126	46.4751	46.2985
127	46.4498	46.2730
128	46.4248	46.2477
129	46.4004	46.2229
130	46.3763	46.1984
131	46.3524	46.1741
132	46.3285	46.1498
133	46.3044	46.1253
134	46.2802	46.1009
135	46.2560	46.0765
136	46.2319	46.0522
137	46.2078	46.0280
138	46.1838	46.0038
139	46.1597	45.9797
140	46.1357	45.9556
141	46.1116	45.9315
142	46.0876	45.9075
143	46.0635	45.8834
144	46.0394	45.8593
145	46.0152	45.8350
146	45.9910	45.8107
147	45.9668	45.7864
148	45.9427	45.7621
149	45.9187	45.7379
150	45.8948	45.7137
151	45.8709	45.6895
152	45.8469	45.6653
153	45.8228	45.6411
154	45.7987	45.6170
155	45.7746	45.5928
156	45.7506	45.5686
157	45.7267	45.5443
158	45.7029	45.5200
159	45.6790	45.4957
160	45.6551	45.4715
161	45.6310	45.4474
162	45.6069	45.4233
163	45.5827	45.3993
164	45.5586	45.3752
165	45.5346	45.3511
166	45.5107	45.3269
167	45.4867	45.3027
168	45.4628	45.2785
169	45.4388	45.2543
170	45.4149	45.2301
171	45.3909	45.2060
172	45.3669	45.1818
173	45.3429	45.1577
174	45.3189	45.1336
175	45.2949	45.1094
176	45.2709	45.0853
177	45.2470	45.0611
178	45.2232	45.0368
179	45.1994	45.0126
180	45.1756	44.9884
181	45.1517	44.9643
182	45.1279	44.9402
183	45.1040	44.9161
184	45.0800	44.8920
185	45.0560	44.8677
186	45.0320	44.8434
187	45.0079	44.8191
188	44.9839	44.7948
189	44.9599	44.7706
190	44.9360	44.7464
191	44.9120	44.7222
192	44.8880	44.6979
193	44.8640	44.6735
194	44.8399	44.6490
195	44.8158	44.6246
196	44.7918	44.6002
197	44.7678	44.5761
198	44.7438	44.5520
199	44.7199	44.5280
200	44.6959	44.5039
201	44.6720	44.4796
202	44.6481	44.4553
203	44.6241	44.4310
204	44.6002	44.4067
205	44.5762	44.3826
206	44.5522	44.3585
207	44.5281	44.3344
208	44.5040	44.3103
209	44.4799	44.2860
210	44.4557	44.2617
211	44.4315	44.2373
212	44.4074	44.2129
213	44.3834	44.1885
214	44.3593	44.1641
215	44.3353	44.1398
216	44.3112	44.1155
217	44.2869	44.0913
218	44.2626	44.0672
219	44.2383	44.0431
220	44.2141	44.0190
221	44.1901	43.9948
222	44.1662	43.9705
223	44.1423	43.9463
224	44.1183	43.9220
225	44.0942	43.8978
226	44.0700	43.8737
227	44.0457	43.8495
228	44.0216	43.8252
229	43.9976	43.8008
230	43.9736	43.7763
231	43.9497	43.7518
232	43.9257	43.7274
233	43.9017	43.7032
234	43.8778	43.6790
235	43.8537	43.6548
236	43.8296	43.6307
237	43.8053	43.6065
238	43.7809	43.5822
239	43.7566	43.5580
240	43.7323	43.5338
241	43.7082	43.5096
242	43.6843	43.4855
243	43.6603	43.4613
244	43.6364	43.4371
245	43.6125	43.4130
246	43.5886	43.3888
247	43.5645	43.3645
248	43.5403	43.3400
249	43.5158	43.3152
250	43.4911	43.2902
251	43.4663	43.2651
252	43.4413	43.2397
253	43.4162	43.2140
254	43.3909	43.1882
255	43.3658	43.1626
256	43.3408	43.1373
257	43.3162	43.1127
258	43.2918	43.0886
259	43.2675	43.0647
260	43.2433	43.0408
261	43.2190	43.0167
262	43.1947	42.9927
263	43.1704	42.9686
264	43.1461	42.9446
265	43.1218	42.9206
266	43.0976	42.8965
267	43.0734	42.8725
268	43.0491	42.8486
269	43.0248	42.8247
270	43.0004	42.8009
271	42.9761	42.7771
272	42.9517	42.7532
273	42.9273	42.7292
274	42.9030	42.7050
275	42.8787	42.6809
276	42.8544	42.6569
277	42.8303	42.6330
278	42.8062	42.6092
279	42.7821	42.5853
280	42.7579	42.5615
281	42.7336	42.5376
282	42.7093	42.5137
283	42.6849	42.4897
284	42.6606	42.4658
285	42.6364	42.4418
286	42.6123	42.4178
287	42.5882	42.3938
288	42.5640	42.3699
289	42.5397	42.3460
290	42.5154	42.3222
291	42.4912	42.2984
292	42.4669	42.2746
293	42.4427	42.2507
294	42.4186	42.2268
295	42.3944	42.2028
296	42.3703	42.1789
297	42.3461	42.1550
298	42.3219	42.1311
299	42.2977	42.1071
300	42.2735	42.0832
301	42.2493	42.0593
302	42.2250	42.0353
303	42.2008	42.0114
304	42.1766	41.9875
305	42.1525	41.9636
306	42.1284	41.9398
307	42.1043	41.9159
308	42.0802	41.8921
309	42.0561	41.8683
310	42.0320	41.8444
311	42.0078	41.8206
312	41.9837	41.7967
313	41.9596	41.7728
314	41.9354	41.7490
315	41.9113	41.7250
316	41.8871	41.7011
317	41.8629	41.6771
318	41.8386	41.6531
319	41.8143	41.6291
320	41.7900	41.6050
321	41.7657	41.5808
322	41.7415	41.5567
323	41.7172	41.5325
324	41.6930	41.5084
325	41.6688	41.4845
326	41.6447	41.4606
327	41.6205	41.4368
328	41.5964	41.4129
329	41.5723	41.3889
330	41.5482	41.3649
331	41.5241	41.3408
332	41.5000	41.3168
333	41.4758	41.2928
334	41.4517	41.2689
335	41.4274	41.2449
336	41.4031	41.2210
337	41.3787	41.1971
338	41.3542	41.1731
339	41.3297	41.1491
340	41.3053	41.1251
341	41.2811	41.1010
342	41.2569	41.0768
343	41.2327	41.0527
344	41.2084	41.0286
345	41.1840	41.0046
346	41.1595	40.9807
347	41.1349	40.9568
348	41.1105	40.9330
349	41.0862	40.9091
350	41.0620	40.8853
351	41.0378	40.8615
352	41.0136	40.8376
353	40.9893	40.8137
354	40.9650	40.7898
355	40.9407	40.7658
356	40.9164	40.7418
357	40.8921	40.7176
358	40.8677	40.6933
359	40.8434	40.6691
360	40.8191	40.6449
361	40.7948	40.6209
362	40.7706	40.5970
363	40.7464	40.5731
364	40.7221	40.5492
365	40.6977	40.5252
366	40.6733	40.5012
367	40.6490	40.4773
368	40.6246	40.4533
369	40.6003	40.4294
370	40.5761	40.4055
371	40.5518	40.3816
372	40.5276	40.3577
373	40.5035	40.3338
374	40.4793	40.3099
375	40.4551	40.2859
376	40.4306	40.2616
377	40.4059	40.2370
378	40.3810	40.2122
379	40.3559	40.1873
380	40.3307	40.1622
381	40.3052	40.1370
382	40.2797	40.1117
383	40.2543	40.0864
384	40.2292	40.0614
385	40.2047	40.0368
386	40.1804	40.0124
387	40.1564	39.9882
388	40.1324	39.9640
389	40.1082	39.9397
390	40.0840	39.9155
391	40.0599	39.8913
392	40.0357	39.8672
393	40.0115	39.8431
394	39.9874	39.8190
395	39.9633	39.7949
396	39.9391	39.7709
397	39.9149	39.7469
398	39.8908	39.7230
399	39.8666	39.6990
400	39.8424	39.6750
401	39.8182	39.6509
402	39.7940	39.6268
403	39.7698	39.6027
404	39.7457	39.5786
405	39.7217	39.5545
406	39.6977	39.5303
407	39.6736	39.5062
408	39.6496	39.4821
409	39.6255	39.4581
410	39.6013	39.4341
411	39.5771	39.4101
412	39.5529	39.3861
413	39.5288	39.3619
414	39.5048	39.3377
415	39.4808	39.3135
416	39.4567	39.2894
417	39.4326	39.2654
418	39.4084	39.2414
419	39.3842	39.2175
420	39.3601	39.1936
421	39.3361	39.1697
422	39.3121	39.1457
423	39.2881	39.1217
424	39.2641	39.0977
425	39.2401	39.0736
426	39.2161	39.0495
427	39.1921	39.0254
428	39.1680	39.0013
429	39.1439	38.9773
430	39.1198	38.9534
431	39.0957	38.9295
432	39.0716	38.9056
433	39.0475	38.8816
434	39.0235	38.8576
435	38.9995	38.8335
436	38.9755	38.8095
437	38.9515	38.7855
438	38.9276	38.7615
439	38.9036	38.7375
440	38.8796	38.7135
441	38.8556	38.6894
442	38.8315	38.6653
443	38.8075	38.6412
444	38.7834	38.6171
445	38.7593	38.5930
446	38.7353	38.5689
447	38.7112	38.5448
448	38.6871	38.5206
449	38.6629	38.4963
450	38.6388	38.4720
451	38.6146	38.4477
452	38.5905	38.4235
453	38.5665	38.3994
454	38.5425	38.3755
455	38.5185	38.3515
456	38.4946	38.3275
457	38.4706	38.3034
458	38.4467	38.2793
459	38.4227	38.2551
460	38.3987	38.2310
461	38.3746	38.2070
462	38.3505	38.1830
463	38.3264	38.1590
464	38.3022	38.1349
465	38.2779	38.1107
466	38.2537	38.0865
467	38.2294	38.0623
468	38.2051	38.0381
469	38.1810	38.0139
470	38.1569	37.9897
471	38.1328	37.9655
472	38.1086	37.9414
473	38.0843	37.9173
474	38.0598	37.8932
475	38.0355	37.8692
476	38.0112	37.8451
477	37.9872	37.8210
478	37.9633	37.7969
479	37.9394	37.7728
480	37.9154	37.7487
481	37.8913	37.7246
482	37.8671	37.7005
483	37.8429	37.6764
484	37.8186	37.6523
485	37.7943	37.6281
486	37.7701	37.6038
487	37.7458	37.5795
488	37.7216	37.5553
489	37.6975	37.5312
490	37.6733	37.5072
491	37.6492	37.4832
492	37.6251	37.4592
493	37.6009	37.4351
494	37.5766	37.4110
495	37.5523	37.3868
496	37.5281	37.3627
497	37.5039	37.3386
498	37.4798	37.3145
499	37.4557	37.2905
500	37.4316	37.2664
501	37.4076	37.2425
502	37.3837	37.2185
503	37.3596	37.1944
504	37.3353	37.1701
505	37.3107	37.1455
506	37.2859	37.1206
507	37.2609	37.0955
508	37.2358	37.0703
509	37.2104	37.0449
510	37.1850	37.0193
511	37.1597	36.9939
512	37.1346	36.9687
513	37.1100	36.9440
514	37.0858	36.9197
515	37.0617	36.8955
516	37.0377	36.8714
517	37.0136	36.8472
518	36.9895	36.8230
519	36.9655	36.7988
520	36.9414	36.7747
521	36.9173	36.7506
522	36.8932	36.7266
523	36.8690	36.7026
524	36.8449	36.6786
525	36.8208	36.6547
526	36.7966	36.6308
527	36.7725	36.6068
528	36.7483	36.5829
529	36.7241	36.5589
530	36.7000	36.5348
531	36.6758	36.5108
532	36.6517	36.4867
533	36.6277	36.4627
534	36.6036	36.4386
535	36.5796	36.4146
536	36.5556	36.3906
537	36.5315	36.3666
538	36.5073	36.3426
539	36.4832	36.3185
540	36.4591	36.2945
541	36.4351	36.2704
542	36.4111	36.2463
543	36.3870	36.2222
544	36.3630	36.1982
545	36.3388	36.1742
546	36.3147	36.1503
547	36.2905	36.1264
548	36.2664	36.1025
549	36.2424	36.0786
550	36.2185	36.0546
551	36.1946	36.0307
552	36.1707	36.0067
553	36.1467	35.9827
554	36.1226	35.9586
555	36.0985	35.9346
556	36.0744	35.9106
557	36.0504	35.8867
558	36.0263	35.8627
559	36.0023	35.8388
560	35.9783	35.8149
561	35.9543	35.7909
562	35.9304	35.7669
563	35.9064	35.7429
564	35.8825	35.7189
565	35.8586	35.6951
566	35.8347	35.6713
567	35.8108	35.6475
568	35.7868	35.6236
569	35.7627	35.5996
570	35.7386	35.5754
571	35.7145	35.5513
572	35.6903	35.5271
573	35.6662	35.5030
574	35.6420	35.4790
575	35.6179	35.4549
576	35.5938	35.4308
577	35.5697	35.4066
578	35.5457	35.3823
579	35.5216	35.3581
580	35.4976	35.3339
581	35.4736	35.3099
582	35.4496	35.2860
583	35.4257	35.2621
584	35.4017	35.2382
585	35.3778	35.2141
586	35.3538	35.1900
587	35.3299	35.1659
588	35.3059	35.1418
589	35.2819	35.1178
590	35.2578	35.0938
591	35.2337	35.0697
592	35.2095	35.0457
593	35.1853	35.0216
594	35.1611	34.9975
595	35.1369	34.9734
596	35.1127	34.9493
597	35.0886	34.9251
598	35.0645	34.9009
599	35.0405	34.8768
600	35.0163	34.8526
601	34.9920	34.8285
602	34.9676	34.8044
603	34.9432	34.7804
604	34.9189	34.7564
605	34.8948	34.7324
606	34.8709	34.7084
607	34.8469	34.6845
608	34.8229	34.6605
609	34.7987	34.6366
610	34.7744	34.6126
611	34.7501	34.5887
612	34.7259	34.5646
613	34.7018	34.5404
614	34.6776	34.5161
615	34.6536	34.4918
616	34.6295	34.4675
617	34.6055	34.4433
618	34.5814	34.4192
619	34.5574	34.3951
620	34.5332	34.3711
621	34.5089	34.3471
622	34.4845	34.3231
623	34.4601	34.2992
624	34.4358	34.2752
625	34.4117	34.2512
626	34.3877	34.2272
627	34.3637	34.2032
628	34.3397	34.1792
629	34.3157	34.1553
630	34.2917	34.1313
631	34.2675	34.1072
632	34.2432	34.0828
633	34.2187	34.0582
634	34.1939	34.0333
635	34.1690	34.0083
636	34.1440	33.9831
637	34.1187	33.9578
638	34.0934	33.9324
639	34.0681	33.9071
640	34.0431	33.8820
641	34.0185	33.8572
642	33.9942	33.8327
643	33.9701	33.8083
644	33.9460	33.7839
645	33.9218	33.7595
646	33.8975	33.7351
647	33.8733	33.7108
648	33.8491	33.6865
649	33.8249	33.6622
650	33.8007	33.6380
651	33.7765	33.6138
652	33.7522	33.5896
653	33.7279	33.5655
654	33.7035	33.5415
655	33.6791	33.5175
656	33.6547	33.4934
657	33.6304	33.4691
658	33.6061	33.4448
659	33.5818	33.4204
660	33.5576	33.3961
661	33.5334	33.3719
662	33.5093	33.3477
663	33.4852	33.3236
664	33.4610	33.2994
665	33.4368	33.2752
666	33.4125	33.2509
667	33.3882	33.2267
668	33.3640	33.2024
669	33.3398	33.1781
670	33.3156	33.1539
671	33.2915	33.1296
672	33.2673	33.1054
673	33.2431	33.0812
674	33.2188	33.0570
675	33.1946	33.0328
676	33.1704	33.0086
677	33.1463	32.9844
678	33.1221	32.9603
679	33.0980	32.9362
680	33.0739	32.9120
681	33.0497	32.8878
682	33.0255	32.8635
683	33.0013	32.8392
684	32.9771	32.8150
685	32.9528	32.7908
686	32.9286	32.7666
687	32.9043	32.7424
688	32.8801	32.7182
689	32.8559	32.6940
690	32.8318	32.6698
691	32.8077	32.6457
692	32.7836	32.6215
693	32.7595	32.5974
694	32.7354	32.5732
695	32.7113	32.5491
696	32.6872	32.5249
697	32.6630	32.5006
698	32.6387	32.4763
699	32.6145	32.4519
700	32.5902	32.4275
701	32.5660	32.4032
702	32.5419	32.3789
703	32.5177	32.3546
704	32.4935	32.3302
705	32.4692	32.3057
706	32.4449	32.2811
707	32.4206	32.2565
708	32.3963	32.2320
709	32.3721	32.2077
710	32.3480	32.1835
711	32.3239	32.1594
712	32.2998	32.1352
713	32.2756	32.1109
714	32.2514	32.0866
715	32.2272	32.0622
716	32.2030	32.0379
717	32.1788	32.0136
718	32.1545	31.9894
719	32.1302	31.9651
720	32.1059	31.9408
721	32.0815	31.9164
722	32.0569	31.8920
723	32.0324	31.8676
724	32.0080	31.8431
725	31.9837	31.8186
726	31.9595	31.7941
727	31.9352	31.7696
728	31.9109	31.7452
729	31.8863	31.7208
730	31.8617	31.6965
731	31.8371	31.6723
732	31.8126	31.6480
733	31.7883	31.6237
734	31.7642	31.5995
735	31.7400	31.5753
736	31.7158	31.5510
737	31.6914	31.5268
738	31.6670	31.5025
739	31.6425	31.4782
740	31.6181	31.4538
741	31.5937	31.4292
742	31.5693	31.4045
743	31.5450	31.3798
744	31.5207	31.3552
745	31.4965	31.3308
746	31.4723	31.3065
747	31.4480	31.2822
748	31.4237	31.2579
749	31.3992	31.2335
750	31.3746	31.2092
751	31.3499	31.1848
752	31.3254	31.1605
753	31.3010	31.1362
754	31.2767	31.1119
755	31.2525	31.0876
756	31.2283	31.0633
757	31.2042	31.0391
758	31.1801	31.0149
759	31.1559	30.9906
760	31.1315	30.9660
761	31.1067	30.9410
762	31.0817	30.9158
763	31.0565	30.8903
764	31.0311	30.8648
765	31.0056	30.8391
766	30.9799	30.8134
767	30.9544	30.7878
768	30.9291	30.7625
769	30.9043	30.7378
770	30.8798	30.7134
771	30.8554	30.6892
772	30.8311	30.6651
773	30.8067	30.6409
774	30.7823	30.6167
775	30.7579	30.5926
776	30.7335	30.5685
777	30.7091	30.5444
778	30.6848	30.5203
779	30.6604	30.4963
780	30.6360	30.4723
781	30.6115	30.4483
782	30.5871	30.4244
783	30.5626	30.4005
784	30.5381	30.3765
785	30.5136	30.3524
786	30.4892	30.3284
787	30.4647	30.3043
788	30.4403	30.2802
789	30.4159	30.2562
790	30.3916	30.2322
791	30.3673	30.2083
792	30.3430	30.1843
793	30.3186	30.1603
794	30.2942	30.1364
795	30.2698	30.1124
796	30.2455	30.0884
797	30.2212	30.0644
798	30.1970	30.0403
799	30.1728	30.0162
800	30.1485	29.9922
801	30.1242	29.9682
802	30.0998	29.9443
803	30.0754	29.9204
804	30.0511	29.8965
805	30.0268	29.8726
806	30.0025	29.8487
807	29.9783	29.8247
808	29.9540	29.8008
809	29.9297	29.7768
810	29.9055	29.7528
811	29.8812	29.7288
812	29.8569	29.7049
813	29.8326	29.6811
814	29.8083	29.6574
815	29.7840	29.6336
816	29.7597	29.6098
817	29.7354	29.5859
818	29.7112	29.5619
819	29.6869	29.5379
820	29.6627	29.5139
821	29.6385	29.4899
822	29.6142	29.4660
823	29.5900	29.4420
824	29.5658	29.4181
825	29.5416	29.3942
826	29.5174	29.3703
827	29.4932	29.3464
828	29.4689	29.3224
829	29.4445	29.2984
830	29.4202	29.2743
831	29.3958	29.2502
832	29.3714	29.2260
833	29.3471	29.2017
834	29.3228	29.1775
835	29.2986	29.1532
836	29.2744	29.1291
837	29.2502	29.1052
838	29.2261	29.0813
839	29.2019	29.0575
840	29.1777	29.0337
841	29.1535	29.0097
842	29.1293	28.9858
843	29.1050	28.9618
844	29.0807	28.9378
845	29.0564	28.9139
846	29.0321	28.8901
847	29.0077	28.8662
848	28.9833	28.8423
849	28.9589	28.8183
850	28.9344	28.7942
851	28.9099	28.7701
852	28.8855	28.7460
853	28.8611	28.7218
854	28.8368	28.6977
855	28.8124	28.6735
856	28.7880	28.6495
857	28.7634	28.6256
858	28.7389	28.6018
859	28.7143	28.5780
860	28.6898	28.5542
861	28.6655	28.5303
862	28.6413	28.5063
863	28.6171	28.4824
864	28.5929	28.4584
865	28.5685	28.4345
866	28.5441	28.4106
867	28.5196	28.3867
868	28.4952	28.3627
869	28.4708	28.3386
870	28.4465	28.3144
871	28.4221	28.2902
872	28.3978	28.2661
873	28.3735	28.2421
874	28.3493	28.2182
875	28.3250	28.1943
876	28.3007	28.1704
877	28.2762	28.1465
878	28.2516	28.1226
879	28.2271	28.0986
880	28.2026	28.0747
881	28.1783	28.0508
882	28.1540	28.0269
883	28.1297	28.0029
884	28.1055	27.9790
885	28.0813	27.9552
886	28.0572	27.9313
887	28.0329	27.9073
888	28.0084	27.8830
889	27.9837	27.8584
890	27.9588	27.8336
891	27.9336	27.8087
892	27.9084	27.7836
893	27.8829	27.7584
894	27.8573	27.7331
895	27.8318	27.7079
896	27.8066	27.6830
897	27.7820	27.6585
898	27.7577	27.6342
899	27.7337	27.6101
900	27.7097	27.5860
901	27.6856	27.5618
902	27.6615	27.5377
903	27.6374	27.5136
904	27.6133	27.4895
905	27.5892	27.4655
906	27.5650	27.4415
907	27.5409	27.4175
908	27.5167	27.3936
909	27.4925	27.3697
910	27.4683	27.3458
911	27.4441	27.3219
912	27.4199	27.2980
913	27.3957	27.2740
914	27.3715	27.2500
915	27.3473	27.2259
916	27.3232	27.2019
917	27.2991	27.1779
918	27.2751	27.1540
919	27.2510	27.1301
920	27.2270	27.1061
921	27.2029	27.0821
922	27.1788	27.0581
923	27.1547	27.0341
924	27.1306	27.0101
925	27.1065	26.9861
926	27.0825	26.9620
927	27.0584	26.9380
928	27.0343	26.9140
929	27.0102	26.8901
930	26.9860	26.8662
931	26.9619	26.8423
932	26.9378	26.8184
933	26.9138	26.7945
934	26.8898	26.7705
935	26.8659	26.7465
936	26.8419	26.7225
937	26.8179	26.6985
938	26.7938	26.6745
939	26.7698	26.6505
940	26.7457	26.6265
941	26.7216	26.6026
942	26.6975	26.5787
943	26.6734	26.5549
944	26.6493	26.5310
945	26.6253	26.5071
946	26.6013	26.4831
947	26.5774	26.4591
948	26.5535	26.4352
949	26.5296	26.4113
950	26.5057	26.3874
951	26.4818	26.3635
952	26.4578	26.3396
953	26.4338	26.3157
954	26.4098	26.2917
955	26.3857	26.2677
956	26.3616	26.2437
957	26.3375	26.2197
958	26.3134	26.1956
959	26.2892	26.1715
960	26.2651	26.1473
961	26.2410	26.1230
962	26.2168	26.0987
963	26.1927	26.0745
964	26.1687	26.0503
965	26.1447	26.0264
966	26.1208	26.0026
967	26.0969	25.9788
968	26.0730	25.9550
969	26.0490	25.9310
970	26.0250	25.9070
971	26.0010	25.8829
972	25.9769	25.8589
973	25.9528	25.8349
974	25.9287	25.8110
975	25.9046	25.7870
976	25.8804	25.7630
977	25.8561	25.7389
978	25.8318	25.7149
979	25.8075	25.6907
980	25.7832	25.6666
981	25.7591	25.6424
982	25.7350	25.6183
983	25.7109	25.5941
984	25.6868	25.5700
985	25.6625	25.5460
986	25.6381	25.5220
987	25.6138	25.4980
988	25.5895	25.4741
989	25.5655	25.4501
990	25.5415	25.4262
991	25.5176	25.4022
992	25.4936	25.3782
993	25.4694	25.3542
994	25.4452	25.3303
995	25.4209	25.3063
996	25.3966	25.2822
997	25.3724	25.2580
998	25.3482	25.2338
999	25.3241	25.2096
1000	25.3000	25.1854
1001	25.2759	25.1613
1002	25.2519	25.1373
1003	25.2278	25.1133
1004	25.2037	25.0893
1005	25.1794	25.0653
1006	25.1551	25.0414
1007	25.1308	25.0175
1008	25.1065	24.9935
1009	25.0824	24.9695
1010	25.0583	24.9455
1011	25.0343	24.9214
1012	25.0103	24.8974
1013	24.9863	24.8735
1014	24.9623	24.8497
1015	24.9382	24.8256
1016	24.9139	24.8014
1017	24.8893	24.7768
1018	24.8645	24.7520
1019	24.8395	24.7270
1020	24.8144	24.7019
1021	24.7891	24.6766
1022	24.7637	24.6513
1023	24.7384	24.6261
1024	24.7135	24.6011
1025	24.6891	24.5766
1026	24.6651	24.5523
1027	24.6412	24.5282
1028	24.6174	24.5041
1029	24.5934	24.4799
1030	24.5694	24.4558
1031	24.5454	24.4317
1032	24.5215	24.4077
1033	24.4976	24.3837
1034	24.4737	24.3598
1035	24.4498	24.3359
1036	24.4259	24.3120
1037	24.4020	24.2882
1038	24.3780	24.2643
1039	24.3540	24.2405
1040	24.3300	24.2166
1041	24.3059	24.1926
1042	24.2817	24.1685
1043	24.2576	24.1444
1044	24.2336	24.1204
1045	24.2097	24.0964
1046	24.1860	24.0725
1047	24.1622	24.0486
1048	24.1384	24.0247
1049	24.1144	24.0008
1050	24.0904	23.9769
1051	24.0664	23.9530
1052	24.0424	23.9291
1053	24.0185	23.9050
1054	23.9946	23.8809
1055	23.9707	23.8568
1056	23.9468	23.8328
1057	23.9228	23.8089
1058	23.8989	23.7852
1059	23.8749	23.7614
1060	23.8510	23.7376
1061	23.8272	23.7137
1062	23.8035	23.6898
1063	23.7798	23.6659
1064	23.7560	23.6419
1065	23.7321	23.6179
1066	23.7082	23.5940
1067	23.6843	23.5700
1068	23.6603	23.5461
1069	23.6363	23.5222
1070	23.6123	23.4983
1071	23.5884	23.4745
1072	23.5645	23.4506
1073	23.5407	23.4267
1074	23.5170	23.4027
1075	23.4932	23.3788
1076	23.4695	23.3549
1077	23.4457	23.3310
1078	23.4219	23.3072
1079	23.3981	23.2834
1080	23.3743	23.2595
1081	23.3505	23.2356
1082	23.3266	23.2117
1083	23.3027	23.1877
1084	23.2788	23.1637
1085	23.2548	23.1397
1086	23.2307	23.1157
1087	23.2067	23.0916
1088	23.1827	23.0675
1089	23.1588	23.0433
1090	23.1349	23.0192
1091	23.1110	22.9950
1092	23.0872	22.9709
1093	23.0634	22.9469
1094	23.0396	22.9230
1095	23.0158	22.8990
1096	22.9920	22.8751
1097	22.9682	22.8511
1098	22.9444	22.8270
1099	22.9206	22.8030
1100	22.8968	22.7790
1101	22.8729	22.7551
1102	22.8490	22.7312
1103	22.8250	22.7073
1104	22.8010	22.6834
1105	22.7769	22.6594
1106	22.7528	22.6353
1107	22.7288	22.6112
1108	22.7047	22.5871
1109	22.6808	22.5630
1110	22.6569	22.5389
1111	22.6330	22.5148
1112	22.6090	22.4907
1113	22.5849	22.4667
1114	22.5606	22.4428
1115	22.5364	22.4189
1116	22.5123	22.3950
1117	22.4883	22.3711
1118	22.4645	22.3472
1119	22.4406	22.3232
1120	22.4167	22.2993
1121	22.3927	22.2754
1122	22.3686	22.2515
1123	22.3445	22.2275
1124	22.3205	22.2035
1125	22.2965	22.1794
1126	22.2726	22.1552
1127	22.2486	22.1310
1128	22.2247	22.1068
1129	22.2008	22.0827
1130	22.1769	22.0587
1131	22.1529	22.0347
1132	22.1289	22.0107
1133	22.1048	21.9867
1134	22.0806	21.9628
1135	22.0564	21.9388
1136	22.0323	21.9149
1137	22.0084	21.8910
1138	21.9845	21.8670
1139	21.9607	21.8431
1140	21.9368	21.8191
1141	21.9130	21.7953
1142	21.8891	21.7714
1143	21.8651	21.7474
1144	21.8409	21.7232
1145	21.8165	21.6987
1146	21.7920	21.6739
1147	21.7673	21.6489
1148	21.7425	21.6238
1149	21.7175	21.5986
1150	21.6923	21.5732
1151	21.6672	21.5480
1152	21.6424	21.5230
1153	21.6180	21.4984
1154	21.5938	21.4741
1155	21.5697	21.4500
1156	21.5457	21.4259
1157	21.5216	21.4017
1158	21.4975	21.3775
1159	21.4735	21.3533
1160	21.4494	21.3292
1161	21.4253	21.3051
1162	21.4012	21.2811
1163	21.3771	21.2571
1164	21.3530	21.2331
1165	21.3289	21.2092
1166	21.3047	21.1852
1167	21.2805	21.1613
1168	21.2564	21.1373
1169	21.2323	21.1132
1170	21.2082	21.0890
1171	21.1841	21.0649
1172	21.1600	21.0408
1173	21.1360	21.0169
1174	21.1120	20.9930
1175	21.0879	20.9691
1176	21.0639	20.9452
1177	21.0398	20.9212
1178	21.0156	20.8971
1179	20.9915	20.8730
1180	20.9674	20.8489
1181	20.9434	20.8248
1182	20.9195	20.8007
1183	20.8956	20.7766
1184	20.8717	20.7526
1185	20.8476	20.7286
1186	20.8235	20.7047
1187	20.7994	20.6808
1188	20.7753	20.6569
1189	20.7513	20.6329
1190	20.7273	20.6090
1191	20.7034	20.5850
1192	20.6794	20.5610
1193	20.6554	20.5370
1194	20.6314	20.5129
1195	20.6073	20.4889
1196	20.5833	20.4649
1197	20.5592	20.4409
1198	20.5351	20.4170
1199	20.5111	20.3931
1200	20.4872	20.3693
1201	20.4637	20.3456
1202	20.4403	20.3220
1203	20.4169	20.2984
1204	20.3935	20.2747
1205	20.3698	20.2509
1206	20.3459	20.2269
1207	20.3220	20.2029
1208	20.2980	20.1789
1209	20.2740	20.1549
1210	20.2500	20.1309
1211	20.2260	20.1069
1212	20.2019	20.0828
1213	20.1778	20.0588
1214	20.1536	20.0347
1215	20.1295	20.0106
1216	20.1054	19.9865
1217	20.0813	19.9622
1218	20.0572	19.9378
1219	20.0332	19.9135
1220	20.0092	19.8893
1221	19.9852	19.8652
1222	19.9612	19.8412
1223	19.9372	19.8173
1224	19.9133	19.7933
1225	19.8894	19.7692
1226	19.8656	19.7451
1227	19.8417	19.7210
1228	19.8178	19.6969
1229	19.7937	19.6729
1230	19.7697	19.6489
1231	19.7455	19.6250
1232	19.7213	19.6010
1233	19.6971	19.5769
1234	19.6729	19.5527
1235	19.6486	19.5286
1236	19.6244	19.5044
1237	19.6004	19.4802
1238	19.5763	19.4560
1239	19.5523	19.4318
1240	19.5282	19.4077
1241	19.5039	19.3836
1242	19.4796	19.3596
1243	19.4553	19.3356
1244	19.4310	19.3116
1245	19.4069	19.2876
1246	19.3829	19.2636
1247	19.3589	19.2396
1248	19.3349	19.2156
1249	19.3108	19.1916
1250	19.2867	19.1676
1251	19.2626	19.1436
1252	19.2385	19.1195
1253	19.2144	19.0953
1254	19.1904	19.0711
1255	19.1664	19.0468
1256	19.1423	19.0226
1257	19.1182	18.9985
1258	19.0941	18.9744
1259	19.0700	18.9503
1260	19.0458	18.9263
1261	19.0215	18.9022
1262	18.9972	18.8782
1263	18.9728	18.8542
1264	18.9486	18.8302
1265	18.9245	18.8062
1266	18.9005	18.7822
1267	18.8766	18.7582
1268	18.8526	18.7341
1269	18.8287	18.7101
1270	18.8047	18.6862
1271	18.7807	18.6620
1272	18.7564	18.6377
1273	18.7319	18.6131
1274	18.7072	18.5882
1275	18.6823	18.5632
1276	18.6573	18.5381
1277	18.6321	18.5128
1278	18.6069	18.4875
1279	18.5817	18.4623
1280	18.5568	18.4374
1281	18.5324	18.4129
1282	18.5082	18.3888
1283	18.4842	18.3649
1284	18.4602	18.3410
1285	18.4361	18.3170
1286	18.4121	18.2930
1287	18.3880	18.2690
1288	18.3639	18.2451
1289	18.3398	18.2213
1290	18.3157	18.1975
1291	18.2916	18.1738
1292	18.2675	18.1501
1293	18.2434	18.1264
1294	18.2192	18.1028
1295	18.1951	18.0791
1296	18.1710	18.0554
1297	18.1468	18.0315
1298	18.1226	18.0077
1299	18.0984	17.9838
1300	18.0743	17.9599
1301	18.0503	17.9361
1302	18.0263	17.9124
1303	18.0024	17.8886
1304	17.9784	17.8649
1305	17.9543	17.8412
1306	17.9302	17.8174
1307	17.9061	17.7936
1308	17.8820	17.7698
1309	17.8579	17.7460
1310	17.8339	17.7221
1311	17.8099	17.6982
1312	17.7858	17.6744
1313	17.7618	17.6506
1314	17.7377	17.6269
1315	17.7136	17.6031
1316	17.6896	17.5794
1317	17.6656	17.5557
1318	17.6417	17.5319
1319	17.6178	17.5082
1320	17.5939	17.4845
1321	17.5699	17.4607
1322	17.5458	17.4368
1323	17.5217	17.4130
1324	17.4976	17.3892
1325	17.4736	17.3655
1326	17.4495	17.3418
1327	17.4255	17.3181
1328	17.4015	17.2944
1329	17.3776	17.2707
1330	17.3536	17.2470
1331	17.3297	17.2233
1332	17.3058	17.1995
1333	17.2819	17.1758
1334	17.2580	17.1521
1335	17.2341	17.1284
1336	17.2101	17.1047
1337	17.1862	17.0809
1338	17.1622	17.0571
1339	17.1381	17.0333
1340	17.1141	17.0094
1341	17.0900	16.9855
1342	17.0658	16.9617
1343	17.0417	16.9377
1344	17.0176	16.9138
1345	16.9935	16.8897
1346	16.9694	16.8657
1347	16.9454	16.8416
1348	16.9214	16.8177
1349	16.8974	16.7939
1350	16.8735	16.7703
1351	16.8495	16.7466
1352	16.8256	16.7229
1353	16.8017	16.6991
1354	16.7778	16.6752
1355	16.7539	16.6513
1356	16.7299	16.6274
1357	16.7059	16.6036
1358	16.6818	16.5799
1359	16.6577	16.5562
1360	16.6335	16.5324
1361	16.6093	16.5086
1362	16.5851	16.4847
1363	16.5608	16.4607
1364	16.5366	16.4368
1365	16.5125	16.4128
1366	16.4885	16.3888
1367	16.4645	16.3649
1368	16.4404	16.3410
1369	16.4161	16.3172
1370	16.3917	16.2934
1371	16.3674	16.2696
1372	16.3432	16.2459
1373	16.3191	16.2221
1374	16.2952	16.1983
1375	16.2713	16.1745
1376	16.2473	16.1508
1377	16.2231	16.1270
1378	16.1989	16.1033
1379	16.1747	16.0795
1380	16.1505	16.0557
1381	16.1264	16.0316
1382	16.1023	16.0075
1383	16.0782	15.9834
1384	16.0541	15.9594
1385	16.0301	15.9355
1386	16.0061	15.9118
1387	15.9820	15.8880
1388	15.9579	15.8643
1389	15.9336	15.8405
1390	15.9093	15.8167
1391	15.8850	15.7929
1392	15.8608	15.7691
1393	15.8367	15.7454
1394	15.8126	15.7216
1395	15.7886	15.6979
1396	15.7646	15.6741
1397	15.7407	15.6504
1398	15.7168	15.6267
1399	15.6928	15.6028
1400	15.6685	15.5787
1401	15.6440	15.5543
1402	15.6192	15.5296
1403	15.5943	15.5048
1404	15.5692	15.4798
1405	15.5441	15.4549
1406	15.5189	15.4299
1407	15.4937	15.4049
1408	15.4688	15.3800
1409	15.4442	15.3553
1410	15.4198	15.3306
1411	15.3955	15.3061
1412	15.3712	15.2816
1413	15.3469	15.2570
1414	15.3226	15.2326
1415	15.2983	15.2082
1416	15.2740	15.1838
1417	15.2497	15.1595
1418	15.2255	15.1352
1419	15.2012	15.1109
1420	15.1769	15.0867
1421	15.1525	15.0625
1422	15.1282	15.0383
1423	15.1038	15.0142
1424	15.0795	14.9899
1425	15.0551	14.9656
1426	15.0308	14.9412
1427	15.0065	14.9168
1428	14.9822	14.8924
1429	14.9579	14.8681
1430	14.9337	14.8439
1431	14.9094	14.8196
1432	14.8852	14.7954
1433	14.8609	14.7711
1434	14.8365	14.7469
1435	14.8122	14.7226
1436	14.7879	14.6983
1437	14.7637	14.6740
1438	14.7395	14.6497
1439	14.7154	14.6254
1440	14.6912	14.6011
1441	14.6669	14.5769
1442	14.6426	14.5526
1443	14.6183	14.5284
1444	14.5940	14.5042
1445	14.5698	14.4800
1446	14.5457	14.4559
1447	14.5216	14.4317
1448	14.4974	14.4075
1449	14.4731	14.3832
1450	14.4489	14.3589
1451	14.4246	14.3345
1452	14.4003	14.3102
1453	14.3760	14.2860
1454	14.3517	14.2618
1455	14.3274	14.2376
1456	14.3032	14.2134
1457	14.2790	14.1891
1458	14.2549	14.1648
1459	14.2309	14.1406
1460	14.2068	14.1163
1461	14.1827	14.0921
1462	14.1586	14.0678
1463	14.1345	14.0436
1464	14.1103	14.0194
1465	14.0861	13.9951
1466	14.0618	13.9708
1467	14.0375	13.9465
1468	14.0131	13.9222
1469	13.9888	13.8979
1470	13.9646	13.8736
1471	13.9403	13.8492
1472	13.9160	13.8248
1473	13.8917	13.8002
1474	13.8674	13.7757
1475	13.8432	13.7512
1476	13.8189	13.7267
1477	13.7948	13.7024
1478	13.7707	13.6783
1479	13.7466	13.6541
1480	13.7225	13.6299
1481	13.6983	13.6057
1482	13.6741	13.5813
1483	13.6499	13.5570
1484	13.6257	13.5327
1485	13.6015	13.5084
1486	13.5772	13.4842
1487	13.5530	13.4599
1488	13.5286	13.4356
1489	13.5042	13.4113
1490	13.4797	13.3868
1491	13.4552	13.3624
1492	13.4308	13.3380
1493	13.4065	13.3135
1494	13.3823	13.2891
1495	13.3581	13.2647
1496	13.3337	13.2403
1497	13.3092	13.2160
1498	13.2847	13.1917
1499	13.2601	13.1675
1500	13.2356	13.1433
1501	13.2114	13.1190
1502	13.1873	13.0947
1503	13.1631	13.0704
1504	13.1389	13.0461
1505	13.1146	13.0218
1506	13.0902	12.9976
1507	13.0658	12.9734
1508	13.0413	12.9491
1509	13.0170	12.9246
1510	12.9926	12.9001
1511	12.9682	12.8756
1512	12.9439	12.8511
1513	12.9197	12.8267
1514	12.8955	12.8023
1515	12.8712	12.7780
1516	12.8469	12.7537
1517	12.8224	12.7294
1518	12.7978	12.7052
1519	12.7733	12.6810
1520	12.7488	12.6567
1521	12.7245	12.6324
1522	12.7002	12.6082
1523	12.6760	12.5839
1524	12.6518	12.5596
1525	12.6276	12.5354
1526	12.6035	12.5112
1527	12.5792	12.4868
1528	12.5547	12.4622
1529	12.5300	12.4373
1530	12.5050	12.4121
1531	12.4799	12.3867
1532	12.4547	12.3613
1533	12.4293	12.3358
1534	12.4039	12.3102
1535	12.3785	12.2848
1536	12.3534	12.2597
1537	12.3288	12.2350
1538	12.3044	12.2106
1539	12.2803	12.1864
1540	12.2562	12.1622
1541	12.2319	12.1380
1542	12.2077	12.1138
1543	12.1835	12.0896
1544	12.1593	12.0655
1545	12.1351	12.0414
1546	12.1108	12.0173
1547	12.0865	11.9933
1548	12.0623	11.9692
1549	12.0380	11.9453
1550	12.0137	11.9214
1551	11.9894	11.8975
1552	11.9651	11.8735
1553	11.9408	11.8494
1554	11.9165	11.8253
1555	11.8921	11.8011
1556	11.8679	11.7770
1557	11.8437	11.7529
1558	11.8195	11.7289
1559	11.7953	11.7049
1560	11.7711	11.6809
1561	11.7469	11.6569
1562	11.7226	11.6328
1563	11.6983	11.6088
1564	11.6740	11.5847
1565	11.6498	11.5606
1566	11.6256	11.5364
1567	11.6015	11.5123
1568	11.5773	11.4882
1569	11.5530	11.4642
1570	11.5287	11.4402
1571	11.5045	11.4163
1572	11.4803	11.3923
1573	11.4562	11.3683
1574	11.4321	11.3444
1575	11.4081	11.3204
1576	11.3840	11.2964
1577	11.3598	11.2724
1578	11.3356	11.2483
1579	11.3114	11.2243
1580	11.2871	11.2002
1581	11.2629	11.1762
1582	11.2387	11.1522
1583	11.2145	11.1283
1584	11.1903	11.1043
1585	11.1662	11.0802
1586	11.1421	11.0562
1587	11.1181	11.0321
1588	11.0941	11.0081
1589	11.0700	10.9841
1590	11.0459	10.9601
1591	11.0218	10.9362
1592	10.9977	10.9122
1593	10.9735	10.8881
1594	10.9493	10.8640
1595	10.9251	10.8399
1596	10.9009	10.8158
1597	10.8766	10.7917
1598	10.8523	10.7676
1599	10.8281	10.7435
1600	10.8038	10.7193
1601	10.7796	10.6950
1602	10.7553	10.6707
1603	10.7311	10.6464
1604	10.7070	10.6221
1605	10.6828	10.5981
1606	10.6587	10.5741
1607	10.6346	10.5501
1608	10.6105	10.5261
1609	10.5865	10.5020
1610	10.5624	10.4779
1611	10.5383	10.4538
1612	10.5141	10.4297
1613	10.4899	10.4057
1614	10.4657	10.3817
1615	10.4414	10.3577
1616	10.4171	10.3337
1617	10.3927	10.3096
1618	10.3684	10.2854
1619	10.3440	10.2612
1620	10.3197	10.2370
1621	10.2955	10.2128
1622	10.2713	10.1886
1623	10.2471	10.1644
1624	10.2228	10.1403
1625	10.1984	10.1161
1626	10.1738	10.0921
1627	10.1493	10.0680
1628	10.1249	10.0440
1629	10.1007	10.0199
1630	10.0765	9.99585
1631	10.0524	9.97181
1632	10.0283	9.94777
1633	10.0040	9.92377
1634	9.97960	9.89977
1635	9.95523	9.87573
1636	9.93089	9.85164
1637	9.90663	9.82743
1638	9.88239	9.80315
1639	9.85817	9.77887
1640	9.83394	9.75461
1641	9.80972	9.73043
1642	9.78548	9.70630
1643	9.76121	9.68219
1644	9.73688	9.65812
1645	9.71243	9.63408
1646	9.68793	9.61006
1647	9.66345	9.58605
1648	9.63903	9.56202
1649	9.61476	9.53794
1650	9.59057	9.51385
1651	9.56643	9.48974
1652	9.54229	9.46563
1653	9.51825	9.44167
1654	9.49419	9.41769
1655	9.47001	9.39358
1656	9.44560	9.36924
1657	9.42086	9.34458
1658	9.39589	9.31967
1659	9.37076	9.29459
1660	9.34554	9.26943
1661	9.32021	9.24418
1662	9.29484	9.21887
1663	9.26958	9.19364
1664	9.24457	9.16859
1665	9.21997	9.14386
1666	9.19563	9.11934
1667	9.17145	9.09494
1668	9.14732	9.07059
1669	9.12309	9.04617
1670	9.09889	9.02180
1671	9.07469	8.99745
1672	9.05049	8.97314
1673	9.02625	8.94881
1674	9.00201	8.92451
1675	8.97775	8.90026
1676	8.95348	8.87607
1677	8.92922	8.85199
1678	8.90495	8.82796
1679	8.88067	8.80392
1680	8.85638	8.77981
1681	8.83205	8.75554
1682	8.80771	8.73120
1683	8.78340	8.70684
1684	8.75913	8.68252
1685	8.73497	8.65832
1686	8.71085	8.63415
1687	8.68673	8.61001
1688	8.66258	8.58585
1689	8.63830	8.56166
1690	8.61398	8.53744
1691	8.58966	8.51321
1692	8.56539	8.48897
1693	8.54123	8.46468
1694	8.51711	8.44039
1695	8.49301	8.41610
1696	8.46888	8.39186
1697	8.44466	8.36769
1698	8.42042	8.34357
1699	8.39618	8.31946
1700	8.37198	8.29534
1701	8.34785	8.27119
1702	8.32376	8.24703
1703	8.29967	8.22285
1704	8.27558	8.19867
1705	8.25146	8.17447
1706	8.22732	8.15026
1707	8.20317	8.12605
1708	8.17899	8.10186
1709	8.15476	8.07771
1710	8.13051	8.05358
1711	8.10628	8.02944
1712	8.08210	8.00528
1713	8.05801	7.98106
1714	8.03396	7.95681
1715	8.00994	7.93257
1716	7.98592	7.90835
1717	7.96188	7.88420
1718	7.93783	7.86007
1719	7.91376	7.83594
1720	7.88965	7.81179
1721	7.86551	7.78759
1722	7.84133	7.76336
1723	7.81713	7.73910
1724	7.79290	7.71483
1725	7.76864	7.69058
1726	7.74437	7.66631
1727	7.72009	7.64201
1728	7.69584	7.61766
1729	7.67161	7.59320
1730	7.64741	7.56870
1731	7.62325	7.54423
1732	7.59912	7.51984
1733	7.57505	7.49565
1734	7.55102	7.47155
1735	7.52700	7.44746
1736	7.50294	7.42332
1737	7.47883	7.39900
1738	7.45468	7.37463
1739	7.43050	7.35026
1740	7.40631	7.32593
1741	7.38213	7.30175
1742	7.35793	7.27762
1743	7.33370	7.25350
1744	7.30943	7.22934
1745	7.28508	7.20509
1746	7.26070	7.18079
1747	7.23632	7.15645
1748	7.21199	7.13209
1749	7.18781	7.10769
1750	7.16368	7.08328
1751	7.13952	7.05887
1752	7.11527	7.03452
1753	7.09079	7.01025
1754	7.06622	6.98604
1755	7.04165	6.96185
1756	7.01718	6.93766
1757	6.99294	6.91345
1758	6.96880	6.88923
1759	6.94469	6.86501
1760	6.92056	6.84079
1761	6.89631	6.81660
1762	6.87202	6.79240
1763	6.84771	6.76817
1764	6.82340	6.74387
1765	6.79910	6.71944
1766	6.77480	6.69495
1767	6.75051	6.67047
1768	6.72625	6.64604
1769	6.70206	6.62174
1770	6.67789	6.59751
1771	6.65369	6.57332
1772	6.62943	6.54914
1773	6.60500	6.52494
1774	6.58051	6.50074
1775	6.55604	6.47654
1776	6.53164	6.45232
1777	6.50742	6.42807
1778	6.48329	6.40380
1779	6.45919	6.37953
1780	6.43509	6.35526
1781	6.41105	6.33116
1782	6.38697	6.30705
1783	6.36276	6.28280
1784	6.33834	6.25830
1785	6.31363	6.23343
1786	6.28870	6.20831
1787	6.26361	6.18301
1788	6.23844	6.15763
1789	6.21311	6.13212
1790	6.18774	6.10658
1791	6.16250	6.08119
1792	6.13757	6.05612
1793	6.11315	6.03156
1794	6.08904	6.00733
1795	6.06511	5.98329
1796	6.04122	5.95932
1797	6.01716	5.93519
1798	5.99312	5.91110
1799	5.96909	5.88705
1800	5.94507	5.86305
1801	5.92108	5.83908
1802	5.89709	5.81515
1803	5.87310	5.79127
1804	5.84908	5.76742
1805	5.82501	5.74363
1806	5.80091	5.71986
1807	5.77680	5.69609
1808	5.75268	5.67226
1809	5.72856	5.64831
1810	5.70444	5.62430
1811	5.68034	5.60029
1812	5.65630	5.57630
1813	5.63236	5.55241
1814	5.60846	5.52856
1815	5.58456	5.50471
1816	5.56061	5.48085
1817	5.53652	5.45694
1818	5.51239	5.43301
1819	5.48826	5.40907
1820	5.46419	5.38511
1821	5.44026	5.36113
1822	5.41639	5.33714
1823	5.39253	5.31317
1824	5.36863	5.28923
1825	5.34460	5.26534
1826	5.32053	5.24149
1827	5.29646	5.21766
1828	5.27242	5.19384
1829	5.24848	5.17004
1830	5.22458	5.14625
1831	5.20069	5.12245
1832	5.17678	5.09862
1833	5.15282	5.07471
1834	5.12883	5.05078
1835	5.10484	5.02683
1836	5.08083	5.00290
1837	5.05680	4.97902
1838	5.03277	4.95516
1839	5.00876	4.93131
1840	4.98480	4.90745
1841	4.96092	4.88357
1842	4.93708	4.85968
1843	4.91327	4.83580
1844	4.88947	4.81192
1845	4.86566	4.78807
1846	4.84185	4.76423
1847	4.81802	4.74038
1848	4.79414	4.71652
1849	4.77020	4.69265
1850	4.74621	4.66876
1851	4.72219	4.64485
1852	4.69816	4.62092
1853	4.67414	4.59697
1854	4.65010	4.57300
1855	4.62606	4.54900
1856	4.60203	4.52496
1857	4.57799	4.50085
1858	4.55395	4.47671
1859	4.52994	4.45259
1860	4.50597	4.42853
1861	4.48206	4.40461
1862	4.45819	4.38076
1863	4.43434	4.35692
1864	4.41047	4.33304
1865	4.38657	4.30904
1866	4.36266	4.28500
1867	4.33872	4.26096
1868	4.31476	4.23696
1869	4.29079	4.21306
1870	4.26680	4.18919
1871	4.24277	4.16532
1872	4.21870	4.14143
1873	4.19457	4.11747
1874	4.17042	4.09348
1875	4.14625	4.06947
1876	4.12212	4.04544
1877	4.09808	4.02138
1878	4.07407	3.99731
1879	4.05005	3.97326
1880	4.02598	3.94925
1881	4.00177	3.92533
1882	3.97751	3.90144
1883	3.95328	3.87758
1884	3.92913	3.85371
1885	3.90518	3.82979
1886	3.88131	3.80586
1887	3.85745	3.78192
1888	3.83355	3.75799
1889	3.80951	3.73411
1890	3.78541	3.71023
1891	3.76128	3.68632
1892	3.73716	3.66235
1893	3.71306	3.63826
1894	3.68898	3.61410
1895	3.66490	3.58994
1896	3.64085	3.56582
1897	3.61687	3.54179
1898	3.59290	3.51780
1899	3.56891	3.49385
1900	3.54485	3.46993
1901	3.52064	3.44603
1902	3.49636	3.42215
1903	3.47210	3.39828
1904	3.44790	3.37441
1905	3.42386	3.35052
1906	3.39989	3.32663
1907	3.37596	3.30273
1908	3.35204	3.27880
1909	3.32818	3.25499
1910	3.30430	3.23114
1911	3.28031	3.20715
1912	3.25612	3.18292
1913	3.23168	3.15836
1914	3.20702	3.13356
1915	3.18222	3.10859
1916	3.15730	3.08354
1917	3.13220	3.05845
1918	3.10704	3.03331
1919	3.08199	3.00823
1920	3.05719	2.98331
1921	3.03286	2.95864
1922	3.00880	2.93414
1923	2.98490	2.90975
1924	2.96104	2.88544
1925	2.93704	2.86110
1926	2.91307	2.83682
1927	2.88910	2.81259
1928	2.86513	2.78840
1929	2.84116	2.76422
1930	2.81719	2.74007
1931	2.79322	2.71596
1932	2.76923	2.69189
1933	2.74522	2.66787
1934	2.72120	2.64388
1935	2.69718	2.61988
1936	2.67316	2.59583
1937	2.64914	2.57166
1938	2.62513	2.54745
1939	2.60113	2.52322
1940	2.57715	2.49902
1941	2.55322	2.47491
1942	2.52931	2.45083
1943	2.50539	2.42675
1944	2.48146	2.40266
1945	2.45745	2.37852
1946	2.43341	2.35437
1947	2.40940	2.33019
1948	2.38544	2.30601
1949	2.36161	2.28181
1950	2.33783	2.25760
1951	2.31405	2.23340
1952	2.29022	2.20924
1953	2.26625	2.18513
1954	2.24224	2.16105
1955	2.21822	2.13700
1956	2.19424	2.11295
1957	2.17036	2.08891
1958	2.14653	2.06487
1959	2.12271	2.04082
1960	2.09887	2.01672
1961	2.07498	1.99254
1962	2.05106	1.96832
1963	2.02714	1.94410
1964	2.00323	1.91993
1965	1.97931	1.89585
1966	1.95540	1.87181
1967	1.93151	1.84780
1968	1.90764	1.82377
1969	1.88381	1.79968
1970	1.86001	1.77558
1971	1.83622	1.75148
1972	1.81245	1.72738
1973	1.78870	1.70333
1974	1.76495	1.67928
1975	1.74119	1.65521
1976	1.71738	1.63112
1977	1.69351	1.60698
1978	1.66959	1.58281
1979	1.64564	1.55862
1980	1.62168	1.53441
1981	1.59772	1.51025
1982	1.57376	1.48607
1983	1.54979	1.46186
1984	1.52584	1.43759
1985	1.50191	1.41318
1986	1.47799	1.38872
1987	1.45409	1.36430
1988	1.43022	1.33999
1989	1.40637	1.31592
1990	1.38255	1.29196
1991	1.35875	1.26803
1992	1.33495	1.24404
1993	1.31116	1.21987
1994	1.28737	1.19564
1995	1.26356	1.17140
1996	1.23971	1.14718
1997	1.21581	1.12309
1998	1.19186	1.09903
1999	1.16787	1.07497
2000	1.14384	1.05086
2001	1.11976	1.02666
2002	1.09565	1.00241
2003	1.07154	0.978120
2004	1.04746	0.953815
2005	1.02349	0.929487
2006	0.999545	0.905149
2007	0.975591	0.880832
2008	0.951580	0.856566
2009	0.927403	0.832388
2010	0.903174	0.808262
2011	0.878963	0.784165
2012	0.854838	0.760075
2013	0.830921	0.735953
2014	0.807090	0.711832
2015	0.783281	0.687716
2016	0.759427	0.663604
2017	0.735425	0.639547
2018	0.711371	0.615488
2019	0.687301	0.591388
2020	0.663248	0.567207
2021	0.639255	0.542856
2022	0.615285	0.518432
2023	0.591331	0.494001
2024	0.567386	0.469634
2025	0.543480	0.445423
2026	0.519576	0.421283
2027	0.495639	0.397182
2028	0.471637	0.373089
2029	0.447475	0.348961
2030	0.423254	0.324834
2031	0.399045	0.300704
2032	0.374918	0.276567
2033	0.350980	0.252423
2034	0.327128	0.228270
2035	0.303311	0.204109
2036	0.279478	0.179938
2037	0.255675	0.155898
2038	0.231830	0.131828
2039	0.207863	0.107623
2040	0.183694	0.0831780
2041	0.159264	0.0583958
2042	0.134629	0.0333709
2043	0.109853	0.00819155
2044	0.0850000	-0.0170540
2045	0.0600871	-0.0424349
2046	0.0351297	-0.0678284
2047	0.0102225	-0.0930544
2048	-0.0145400	-0.117933
2049	-0.0390513	-0.142259
2050	-0.0634101	-0.166231
2051	-0.0876732	-0.189996
2052	-0.111897	-0.213700
2053	-0.136170	-0.237601
2054	-0.160417	-0.261469
2055	-0.184651	-0.285289
2056	-0.208882	-0.309049
2057	-0.233124	-0.332741
2058	-0.257366	-0.356374
2059	-0.281613	-0.379972
2060	-0.305866	-0.403558
2061	-0.330119	-0.427139
2062	-0.354381	-0.450717
2063	-0.378657	-0.474316
2064	-0.402953	-0.497961
2065	-0.427306	-0.521702
2066	-0.451673	-0.545486
2067	-0.476022	-0.569275
2068	-0.500319	-0.593033
2069	-0.524500	-0.616702
2070	-0.548631	-0.640337
2071	-0.572753	-0.663958
2072	-0.596908	-0.687585
2073	-0.621182	-0.711240
2074	-0.645489	-0.734907
2075	-0.669789	-0.758586
2076	-0.694042	-0.782282
2077	-0.718173	-0.806013
2078	-0.742258	-0.829757
2079	-0.766336	-0.853490
2080	-0.790446	-0.877193
2081	-0.814669	-0.900840
2082	-0.838926	-0.924454
2083	-0.863180	-0.948048
2084	-0.887393	-0.971634
2085	-0.911499	-0.995211
2086	-0.935564	-1.01879
2087	-0.959623	-1.04238
2088	-0.983708	-1.06600
2089	-1.00787	-1.08969
2090	-1.03206	-1.11342
2091	-1.05627	-1.13715
2092	-1.08047	-1.16086
2093	-1.10468	-1.18450
2094	-1.12888	-1.20812
2095	-1.15305	-1.23174
2096	-1.17720	-1.25536
2097	-1.20129	-1.27903
2098	-1.22534	-1.30270
2099	-1.24938	-1.32637
2100	-1.27341	-1.35001
2101	-1.29744	-1.37360
2102	-1.32147	-1.39717
2103	-1.34551	-1.42073
2104	-1.36960	-1.44432
2105	-1.39374	-1.46794
2106	-1.41792	-1.49160
2107	-1.44214	-1.51528
2108	-1.46637	-1.53900
2109	-1.49062	-1.56273
2110	-1.51489	-1.58649
2111	-1.53916	-1.61029
2112	-1.56342	-1.63412
2113	-1.58768	-1.65803
2114	-1.61192	-1.68197
2115	-1.63614	-1.70588
2116	-1.66031	-1.72971
2117	-1.68443	-1.75340
2118	-1.70851	-1.77701
2119	-1.73257	-1.80059
2120	-1.75663	-1.82419
2121	-1.78070	-1.84787
2122	-1.80478	-1.87157
2123	-1.82888	-1.89529
2124	-1.85302	-1.91902
2125	-1.87719	-1.94273
2126	-1.90142	-1.96645
2127	-1.92569	-1.99019
2128	-1.95002	-2.01395
2129	-1.97444	-2.03774
2130	-1.99891	-2.06155
2131	-2.02337	-2.08537
2132	-2.04777	-2.10919
2133	-2.07201	-2.13302
2134	-2.09619	-2.15683
2135	-2.12037	-2.18063
2136	-2.14462	-2.20439
2137	-2.16906	-2.22809
2138	-2.19357	-2.25175
2139	-2.21807	-2.27540
2140	-2.24248	-2.29904
2141	-2.26669	-2.32271
2142	-2.29081	-2.34639
2143	-2.31491	-2.37007
2144	-2.33905	-2.39375
2145	-2.36332	-2.41740
2146	-2.38764	-2.44105
2147	-2.41197	-2.46473
2148	-2.43630	-2.48848
2149	-2.46059	-2.51236
2150	-2.48487	-2.53629
2151	-2.50913	-2.56022
2152	-2.53339	-2.58409
2153	-2.55761	-2.60783
2154	-2.58182	-2.63150
2155	-2.60605	-2.65515
2156	-2.63033	-2.67880
2157	-2.65473	-2.70252
2158	-2.67917	-2.72625
2159	-2.70360	-2.74998
2160	-2.72798	-2.77369
2161	-2.75224	-2.79736
2162	-2.77644	-2.82101
2163	-2.80060	-2.84467
2164	-2.82475	-2.86835
2165	-2.84879	-2.89195
2166	-2.87285	-2.91559
2167	-2.89702	-2.93936
2168	-2.92140	-2.96336
2169	-2.94608	-2.98767
2170	-2.97099	-3.01220
2171	-2.99605	-3.03688
2172	-3.02121	-3.06162
2173	-3.04654	-3.08638
2174	-3.07192	-3.11116
2175	-3.09716	-3.13588
2176	-3.12211	-3.16044
2177	-3.14654	-3.18475
2178	-3.17066	-3.20891
2179	-3.19461	-3.23296
2180	-3.21851	-3.25696
2181	-3.24258	-3.28104
2182	-3.26663	-3.30507
2183	-3.29068	-3.32907
2184	-3.31472	-3.35301
2185	-3.33876	-3.37691
2186	-3.36280	-3.40076
2187	-3.38684	-3.42456
2188	-3.41090	-3.44834
2189	-3.43499	-3.47207
2190	-3.45909	-3.49579
2191	-3.48319	-3.51952
2192	-3.50730	-3.54330
2193	-3.53141	-3.56720
2194	-3.55551	-3.59115
2195	-3.57960	-3.61511
2196	-3.60366	-3.63904
2197	-3.62766	-3.66287
2198	-3.65164	-3.68667
2199	-3.67562	-3.71045
2200	-3.69961	-3.73425
2201	-3.72367	-3.75809
2202	-3.74775	-3.78195
2203	-3.77182	-3.80582
2204	-3.79586	-3.82969
2205	-3.81981	-3.85359
2206	-3.84374	-3.87749
2207	-3.86766	-3.90137
2208	-3.89162	-3.92520
2209	-3.91569	-3.94896
2210	-3.93978	-3.97267
2211	-3.96387	-3.99636
2212	-3.98790	-4.02005
2213	-4.01179	-4.04376
2214	-4.03563	-4.06748
2215	-4.05946	-4.09121
2216	-4.08334	-4.11498
2217	-4.10733	-4.13880
2218	-4.13137	-4.16264
2219	-4.15542	-4.18649
2220	-4.17947	-4.21033
2221	-4.20349	-4.23411
2222	-4.22750	-4.25788
2223	-4.25148	-4.28164
2224	-4.27543	-4.30541
2225	-4.29934	-4.32922
2226	-4.32323	-4.35304
2227	-4.34709	-4.37685
2228	-4.37095	-4.40066
2229	-4.39479	-4.42442
2230	-4.41863	-4.44817
2231	-4.44250	-4.47193
2232	-4.46641	-4.49572
2233	-4.49040	-4.51955
2234	-4.51443	-4.54342
2235	-4.53850	-4.56731
2236	-4.56256	-4.59122
2237	-4.58660	-4.61511
2238	-4.61064	-4.63903
2239	-4.63467	-4.66297
2240	-4.65870	-4.68695
2241	-4.68273	-4.71103
2242	-4.70676	-4.73514
2243	-4.73075	-4.75923
2244	-4.75471	-4.78323
2245	-4.77860	-4.80705
2246	-4.80245	-4.83078
2247	-4.82630	-4.85450
2248	-4.85016	-4.87825
2249	-4.87407	-4.90215
2250	-4.89801	-4.92609
2251	-4.92197	-4.95004
2252	-4.94595	-4.97395
2253	-4.96993	-4.99775
2254	-4.99393	-5.02152
2255	-5.01797	-5.04529
2256	-5.04206	-5.06911
2257	-5.06623	-5.09301
2258	-5.09044	-5.11696
2259	-5.11465	-5.14095
2260	-5.13880	-5.16494
2261	-5.16280	-5.18895
2262	-5.18675	-5.21296
2263	-5.21071	-5.23696
2264	-5.23475	-5.26091
2265	-5.25899	-5.28479
2266	-5.28330	-5.30863
2267	-5.30760	-5.33245
2268	-5.33182	-5.35625
2269	-5.35583	-5.38007
2270	-5.37975	-5.40388
2271	-5.40365	-5.42770
2272	-5.42760	-5.45151
2273	-5.45170	-5.47529
2274	-5.47585	-5.49909
2275	-5.50002	-5.52292
2276	-5.52418	-5.54681
2277	-5.54828	-5.57083
2278	-5.57235	-5.59491
2279	-5.59641	-5.61900
2280	-5.62046	-5.64304
2281	-5.64446	-5.66697
2282	-5.66847	-5.69086
2283	-5.69249	-5.71471
2284	-5.71658	-5.73854
2285	-5.74081	-5.76238
2286	-5.76510	-5.78622
2287	-5.78938	-5.81005
2288	-5.81359	-5.83388
2289	-5.83765	-5.85772
2290	-5.86165	-5.88157
2291	-5.88560	-5.90542
2292	-5.90955	-5.92927
2293	-5.93342	-5.95299
2294	-5.95731	-5.97673
2295	-5.98133	-6.00060
2296	-6.00556	-6.02472
2297	-6.03003	-6.04911
2298	-6.05473	-6.07375
2299	-6.07963	-6.09861
2300	-6.10472	-6.12367
2301	-6.13013	-6.14902
2302	-6.15567	-6.17452
2303	-6.18111	-6.19995
2304	-6.20621	-6.22511
2305	-6.23069	-6.24974
2306	-6.25482	-6.27408
2307	-6.27874	-6.29826
2308	-6.30260	-6.32239
2309	-6.32660	-6.34670
2310	-6.35057	-6.37098
2311	-6.37453	-6.39522
2312	-6.39852	-6.41939
2313	-6.42257	-6.44348
2314	-6.44665	-6.46751
2315	-6.47074	-6.49150
2316	-6.49483	-6.51547
2317	-6.51889	-6.53942
2318	-6.54294	-6.56336
2319	-6.56699	-6.58732
2320	-6.59103	-6.61135
2321	-6.61509	-6.63551
2322	-6.63914	-6.65972
2323	-6.66318	-6.68395
2324	-6.68719	-6.70813
2325	-6.71113	-6.73220
2326	-6.73505	-6.75622
2327	-6.75897	-6.78023
2328	-6.78293	-6.80424
2329	-6.80699	-6.82830
2330	-6.83109	-6.85237
2331	-6.85517	-6.87645
2332	-6.87921	-6.90054
2333	-6.90312	-6.92465
2334	-6.92698	-6.94876
2335	-6.95084	-6.97285
2336	-6.97474	-6.99692
2337	-6.99878	-7.02094
2338	-7.02285	-7.04492
2339	-7.04693	-7.06889
2340	-7.07095	-7.09286
2341	-7.09485	-7.11684
2342	-7.11869	-7.14082
2343	-7.14252	-7.16482
2344	-7.16637	-7.18885
2345	-7.19029	-7.21294
2346	-7.21424	-7.23705
2347	-7.23820	-7.26117
2348	-7.26218	-7.28525
2349	-7.28618	-7.30926
2350	-7.31018	-7.33324
2351	-7.33417	-7.35722
2352	-7.35812	-7.38121
2353	-7.38202	-7.40527
2354	-7.40587	-7.42934
2355	-7.42971	-7.45341
2356	-7.45354	-7.47747
2357	-7.47736	-7.50147
2358	-7.50118	-7.52545
2359	-7.52502	-7.54944
2360	-7.54889	-7.57343
2361	-7.57280	-7.59745
2362	-7.59675	-7.62148
2363	-7.62073	-7.64554
2364	-7.64473	-7.66963
2365	-7.66875	-7.69374
2366	-7.69278	-7.71788
2367	-7.71682	-7.74205
2368	-7.74084	-7.76627
2369	-7.76484	-7.79058
2370	-7.78883	-7.81492
2371	-7.81279	-7.83923
2372	-7.83672	-7.86346
2373	-7.86062	-7.88750
2374	-7.88449	-7.91145
2375	-7.90834	-7.93538
2376	-7.93219	-7.95935
2377	-7.95603	-7.98347
2378	-7.97987	-8.00763
2379	-8.00374	-8.03180
2380	-8.02765	-8.05595
2381	-8.05161	-8.08000
2382	-8.07561	-8.10403
2383	-8.09966	-8.12805
2384	-8.12374	-8.15211
2385	-8.14787	-8.17622
2386	-8.17204	-8.20037
2387	-8.19620	-8.22455
2388	-8.22032	-8.24875
2389	-8.24433	-8.27299
2390	-8.26830	-8.29725
2391	-8.29229	-8.32150
2392	-8.31633	-8.34570
2393	-8.34054	-8.36982
2394	-8.36480	-8.39390
2395	-8.38904	-8.41795
2396	-8.41320	-8.44200
2397	-8.43715	-8.46607
2398	-8.46101	-8.49015
2399	-8.48485	-8.51422
2400	-8.50874	-8.53828
2401	-8.53279	-8.56229
2402	-8.55689	-8.58631
2403	-8.58102	-8.61036
2404	-8.60514	-8.63449
2405	-8.62920	-8.65877
2406	-8.65324	-8.68312
2407	-8.67728	-8.70747
2408	-8.70131	-8.73176
2409	-8.72533	-8.75591
2410	-8.74934	-8.78000
2411	-8.77339	-8.80405
2412	-8.79748	-8.82810
2413	-8.82169	-8.85219
2414	-8.84593	-8.87628
2415	-8.87016	-8.90037
2416	-8.89432	-8.92445
2417	-8.91832	-8.94850
2418	-8.94224	-8.97255
2419	-8.96613	-8.99661
2420	-8.99003	-9.02070
2421	-9.01388	-9.04471
2422	-9.03776	-9.06877
2423	-9.06176	-9.09296
2424	-9.08597	-9.11738
2425	-9.11040	-9.14202
2426	-9.13504	-9.16690
2427	-9.15989	-9.19198
2428	-9.18492	-9.21724
2429	-9.21028	-9.24280
2430	-9.23577	-9.26849
2431	-9.26116	-9.29410
2432	-9.28622	-9.31941
2433	-9.31066	-9.34418
2434	-9.33475	-9.36863
2435	-9.35863	-9.39289
2436	-9.38246	-9.41708
2437	-9.40645	-9.44141
2438	-9.43041	-9.46570
2439	-9.45436	-9.48994
2440	-9.47832	-9.51414
2441	-9.50231	-9.53833
2442	-9.52631	-9.56248
2443	-9.55032	-9.58659
2444	-9.57434	-9.61067
2445	-9.59837	-9.63469
2446	-9.62240	-9.65868
2447	-9.64644	-9.68268
2448	-9.67049	-9.70673
2449	-9.69456	-9.73091
2450	-9.71863	-9.75514
2451	-9.74267	-9.77937
2452	-9.76668	-9.80358
2453	-9.79060	-9.82769
2454	-9.81448	-9.85176
2455	-9.83835	-9.87582
2456	-9.86226	-9.89989
2457	-9.88626	-9.92400
2458	-9.91029	-9.94812
2459	-9.93433	-9.97224
2460	-9.95834	-9.99638
2461	-9.98229	-10.0205
2462	-10.0062	-10.0447
2463	-10.0301	-10.0688
2464	-10.0541	-10.0929
2465	-10.0780	-10.1170
2466	-10.1020	-10.1411
2467	-10.1260	-10.1651
2468	-10.1499	-10.1891
2469	-10.1738	-10.2132
2470	-10.1976	-10.2372
2471	-10.2214	-10.2613
2472	-10.2452	-10.2854
2473	-10.2691	-10.3095
2474	-10.2931	-10.3337
2475	-10.3170	-10.3579
2476	-10.3409	-10.3820
2477	-10.3649	-10.4060
2478	-10.3888	-10.4300
2479	-10.4128	-10.4540
2480	-10.4367	-10.4781
2481	-10.4605	-10.5022
2482	-10.4844	-10.5263
2483	-10.5082	-10.5504
2484	-10.5320	-10.5745
2485	-10.5557	-10.5985
2486	-10.5795	-10.6225
2487	-10.6033	-10.6465
2488	-10.6271	-10.6706
2489	-10.6510	-10.6947
2490	-10.6749	-10.7188
2491	-10.6989	-10.7430
2492	-10.7229	-10.7672
2493	-10.7469	-10.7913
2494	-10.7709	-10.8155
2495	-10.7949	-10.8398
2496	-10.8189	-10.8640
2497	-10.8429	-10.8883
2498	-10.8668	-10.9127
2499	-10.8908	-10.9370
2500	-10.9147	-10.9613
2501	-10.9386	-10.9854
2502	-10.9624	-11.0095
2503	-10.9863	-11.0335
2504	-11.0101	-11.0576
2505	-11.0339	-11.0818
2506	-11.0578	-11.1060
2507	-11.0816	-11.1302
2508	-11.1055	-11.1544
2509	-11.1294	-11.1785
2510	-11.1533	-11.2026
2511	-11.1773	-11.2266
2512	-11.2013	-11.2507
2513	-11.2254	-11.2749
2514	-11.2496	-11.2991
2515	-11.2738	-11.3233
2516	-11.2979	-11.3476
2517	-11.3218	-11.3719
2518	-11.3457	-11.3962
2519	-11.3696	-11.4205
2520	-11.3935	-11.4447
2521	-11.4178	-11.4689
2522	-11.4420	-11.4930
2523	-11.4663	-11.5170
2524	-11.4905	-11.5411
2525	-11.5144	-11.5652
2526	-11.5383	-11.5894
2527	-11.5621	-11.6135
2528	-11.5859	-11.6377
2529	-11.6099	-11.6617
2530	-11.6340	-11.6858
2531	-11.6581	-11.7099
2532	-11.6822	-11.7340
2533	-11.7063	-11.7584
2534	-11.7303	-11.7827
2535	-11.7543	-11.8071
2536	-11.7783	-11.8315
2537	-11.8023	-11.8557
2538	-11.8262	-11.8799
2539	-11.8501	-11.9040
2540	-11.8741	-11.9282
2541	-11.8983	-11.9523
2542	-11.9225	-11.9765
2543	-11.9468	-12.0006
2544	-11.9709	-12.0248
2545	-11.9949	-12.0489
2546	-12.0189	-12.0729
2547	-12.0428	-12.0970
2548	-12.0667	-12.1211
2549	-12.0905	-12.1451
2550	-12.1143	-12.1692
2551	-12.1383	-12.1934
2552	-12.1624	-12.2178
2553	-12.1868	-12.2425
2554	-12.2113	-12.2674
2555	-12.2361	-12.2925
2556	-12.2612	-12.3179
2557	-12.2866	-12.3436
2558	-12.3122	-12.3694
2559	-12.3377	-12.3952
2560	-12.3629	-12.4205
2561	-12.3875	-12.4452
2562	-12.4118	-12.4694
2563	-12.4359	-12.4933
2564	-12.4600	-12.5172
2565	-12.4843	-12.5413
2566	-12.5086	-12.5653
2567	-12.5329	-12.5893
2568	-12.5571	-12.6132
2569	-12.5814	-12.6372
2570	-12.6056	-12.6610
2571	-12.6299	-12.6848
2572	-12.6542	-12.7086
2573	-12.6785	-12.7323
2574	-12.7028	-12.7560
2575	-12.7271	-12.7797
2576	-12.7514	-12.8035
2577	-12.7757	-12.8274
2578	-12.8000	-12.8514
2579	-12.8243	-12.8754
2580	-12.8486	-12.8994
2581	-12.8728	-12.9233
2582	-12.8970	-12.9471
2583	-12.9213	-12.9709
2584	-12.9455	-12.9947
2585	-12.9698	-13.0185
2586	-12.9941	-13.0423
2587	-13.0183	-13.0661
2588	-13.0426	-13.0899
2589	-13.0668	-13.1138
2590	-13.0909	-13.1377
2591	-13.1151	-13.1616
2592	-13.1392	-13.1854
2593	-13.1635	-13.2092
2594	-13.1877	-13.2330
2595	-13.2120	-13.2568
2596	-13.2362	-13.2805
2597	-13.2604	-13.3043
2598	-13.2845	-13.3280
2599	-13.3086	-13.3518
2600	-13.3327	-13.3756
2601	-13.3569	-13.3994
2602	-13.3811	-13.4233
2603	-13.4053	-13.4472
2604	-13.4295	-13.4710
2605	-13.4537	-13.4948
2606	-13.4778	-13.5185
2607	-13.5020	-13.5423
2608	-13.5261	-13.5661
2609	-13.5503	-13.5899
2610	-13.5744	-13.6137
2611	-13.5986	-13.6376
2612	-13.6227	-13.6614
2613	-13.6468	-13.6852
2614	-13.6708	-13.7090
2615	-13.6949	-13.7328
2616	-13.7191	-13.7566
2617	-13.7432	-13.7804
2618	-13.7674	-13.8042
2619	-13.7916	-13.8280
2620	-13.8159	-13.8519
2621	-13.8401	-13.8757
2622	-13.8644	-13.8997
2623	-13.8886	-13.9236
2624	-13.9129	-13.9476
2625	-13.9371	-13.9717
2626	-13.9614	-13.9958
2627	-13.9856	-14.0199
2628	-14.0098	-14.0440
2629	-14.0338	-14.0678
2630	-14.0579	-14.0915
2631	-14.0819	-14.1151
2632	-14.1060	-14.1389
2633	-14.1301	-14.1627
2634	-14.1542	-14.1866
2635	-14.1783	-14.2106
2636	-14.2025	-14.2345
2637	-14.2267	-14.2583
2638	-14.2510	-14.2821
2639	-14.2752	-14.3058
2640	-14.2995	-14.3297
2641	-14.3239	-14.3536
2642	-14.3483	-14.3775
2643	-14.3728	-14.4015
2644	-14.3972	-14.4255
2645	-14.4214	-14.4495
2646	-14.4456	-14.4735
2647	-14.4698	-14.4975
2648	-14.4941	-14.5214
2649	-14.5186	-14.5453
2650	-14.5431	-14.5691
2651	-14.5676	-14.5929
2652	-14.5921	-14.6167
2653	-14.6163	-14.6406
2654	-14.6404	-14.6644
2655	-14.6645	-14.6883
2656	-14.6887	-14.7121
2657	-14.7130	-14.7359
2658	-14.7373	-14.7597
2659	-14.7617	-14.7836
2660	-14.7861	-14.8075
2661	-14.8104	-14.8315
2662	-14.8347	-14.8556
2663	-14.8590	-14.8796
2664	-14.8832	-14.9037
2665	-14.9075	-14.9276
2666	-14.9317	-14.9515
2667	-14.9560	-14.9754
2668	-14.9803	-14.9992
2669	-15.0047	-15.0230
2670	-15.0292	-15.0469
2671	-15.0536	-15.0707
2672	-15.0780	-15.0946
2673	-15.1023	-15.1184
2674	-15.1265	-15.1422
2675	-15.1507	-15.1660
2676	-15.1748	-15.1899
2677	-15.1989	-15.2136
2678	-15.2230	-15.2374
2679	-15.2472	-15.2613
2680	-15.2716	-15.2854
2681	-15.2963	-15.3098
2682	-15.3211	-15.3345
2683	-15.3462	-15.3594
2684	-15.3715	-15.3845
2685	-15.3972	-15.4098
2686	-15.4231	-15.4353
2687	-15.4489	-15.4607
2688	-15.4744	-15.4860
2689	-15.4992	-15.5107
2690	-15.5235	-15.5353
2691	-15.5477	-15.5597
2692	-15.5718	-15.5840
2693	-15.5961	-15.6084
2694	-15.6203	-15.6328
2695	-15.6446	-15.6571
2696	-15.6688	-15.6814
2697	-15.6931	-15.7057
2698	-15.7174	-15.7300
2699	-15.7417	-15.7542
2700	-15.7660	-15.7784
2701	-15.7903	-15.8025
2702	-15.8146	-15.8265
2703	-15.8389	-15.8506
2704	-15.8632	-15.8747
2705	-15.8876	-15.8990
2706	-15.9120	-15.9233
2707	-15.9363	-15.9476
2708	-15.9606	-15.9719
2709	-15.9848	-15.9961
2710	-16.0090	-16.0202
2711	-16.0332	-16.0444
2712	-16.0574	-16.0685
2713	-16.0817	-16.0927
2714	-16.1061	-16.1169
2715	-16.1304	-16.1412
2716	-16.1547	-16.1654
2717	-16.1789	-16.1896
2718	-16.2030	-16.2139
2719	-16.2271	-16.2382
2720	-16.2513	-16.2624
2721	-16.2756	-16.2865
2722	-16.3000	-16.3106
2723	-16.3243	-16.3347
2724	-16.3486	-16.3588
2725	-16.3728	-16.3829
2726	-16.3969	-16.4070
2727	-16.4210	-16.4311
2728	-16.4451	-16.4553
2729	-16.4694	-16.4795
2730	-16.4936	-16.5037
2731	-16.5179	-16.5279
2732	-16.5422	-16.5521
2733	-16.5664	-16.5762
2734	-16.5907	-16.6004
2735	-16.6149	-16.6245
2736	-16.6391	-16.6486
2737	-16.6633	-16.6728
2738	-16.6874	-16.6970
2739	-16.7115	-16.7212
2740	-16.7356	-16.7454
2741	-16.7598	-16.7695
2742	-16.7839	-16.7936
2743	-16.8080	-16.8177
2744	-16.8322	-16.8419
2745	-16.8564	-16.8661
2746	-16.8806	-16.8903
2747	-16.9049	-16.9145
2748	-16.9291	-16.9388
2749	-16.9534	-16.9630
2750	-16.9777	-16.9873
2751	-17.0020	-17.0115
2752	-17.0264	-17.0359
2753	-17.0506	-17.0603
2754	-17.0749	-17.0848
2755	-17.0992	-17.1092
2756	-17.1234	-17.1336
2757	-17.1476	-17.1578
2758	-17.1717	-17.1819
2759	-17.1958	-17.2060
2760	-17.2199	-17.2302
2761	-17.2441	-17.2544
2762	-17.2682	-17.2787
2763	-17.2923	-17.3030
2764	-17.3165	-17.3273
2765	-17.3408	-17.3515
2766	-17.3650	-17.3756
2767	-17.3893	-17.3997
2768	-17.4137	-17.4238
2769	-17.4381	-17.4481
2770	-17.4625	-17.4724
2771	-17.4870	-17.4968
2772	-17.5114	-17.5211
2773	-17.5356	-17.5455
2774	-17.5599	-17.5700
2775	-17.5841	-17.5943
2776	-17.6084	-17.6187
2777	-17.6329	-17.6429
2778	-17.6574	-17.6670
2779	-17.6819	-17.6912
2780	-17.7064	-17.7153
2781	-17.7306	-17.7395
2782	-17.7548	-17.7638
2783	-17.7790	-17.7880
2784	-17.8032	-17.8122
2785	-17.8275	-17.8364
2786	-17.8519	-17.8605
2787	-17.8763	-17.8847
2788	-17.9007	-17.9089
2789	-17.9250	-17.9333
2790	-17.9493	-17.9578
2791	-17.9736	-17.9822
2792	-17.9979	-18.0067
2793	-18.0222	-18.0310
2794	-18.0465	-18.0552
2795	-18.0708	-18.0794
2796	-18.0951	-18.1036
2797	-18.1196	-18.1279
2798	-18.1440	-18.1521
2799	-18.1685	-18.1763
2800	-18.1930	-18.2006
2801	-18.2173	-18.2248
2802	-18.2415	-18.2490
2803	-18.2658	-18.2732
2804	-18.2900	-18.2974
2805	-18.3140	-18.3215
2806	-18.3381	-18.3456
2807	-18.3623	-18.3698
2808	-18.3867	-18.3943
2809	-18.4114	-18.4191
2810	-18.4364	-18.4442
2811	-18.4615	-18.4694
2812	-18.4869	-18.4949
2813	-18.5128	-18.5208
2814	-18.5388	-18.5468
2815	-18.5646	-18.5727
2816	-18.5901	-18.5981
2817	-18.6147	-18.6228
2818	-18.6389	-18.6469
2819	-18.6629	-18.6708
2820	-18.6868	-18.6947
2821	-18.7109	-18.7188
2822	-18.7350	-18.7429
2823	-18.7591	-18.7669
2824	-18.7833	-18.7908
2825	-18.8074	-18.8147
2826	-18.8315	-18.8386
2827	-18.8556	-18.8624
2828	-18.8797	-18.8862
2829	-18.9039	-18.9099
2830	-18.9280	-18.9336
2831	-18.9521	-18.9574
2832	-18.9763	-18.9811
2833	-19.0004	-19.0050
2834	-19.0246	-19.0289
2835	-19.0487	-19.0529
2836	-19.0728	-19.0768
2837	-19.0969	-19.1006
2838	-19.1209	-19.1245
2839	-19.1449	-19.1483
2840	-19.1689	-19.1722
2841	-19.1931	-19.1960
2842	-19.2172	-19.2199
2843	-19.2413	-19.2438
2844	-19.2654	-19.2677
2845	-19.2894	-19.2916
2846	-19.3133	-19.3155
2847	-19.3373	-19.3394
2848	-19.3613	-19.3632
2849	-19.3854	-19.3870
2850	-19.4095	-19.4108
2851	-19.4337	-19.4346
2852	-19.4578	-19.4583
2853	-19.4818	-19.4821
2854	-19.5057	-19.5058
2855	-19.5296	-19.5295
2856	-19.5536	-19.5532
2857	-19.5776	-19.5771
2858	-19.6016	-19.6010
2859	-19.6257	-19.6250
2860	-19.6498	-19.6489
2861	-19.6739	-19.6726
2862	-19.6980	-19.6964
2863	-19.7221	-19.7201
2864	-19.7461	-19.7438
2865	-19.7701	-19.7677
2866	-19.7940	-19.7916
2867	-19.8179	-19.8155
2868	-19.8418	-19.8394
2869	-19.8657	-19.8632
2870	-19.8897	-19.8869
2871	-19.9136	-19.9106
2872	-19.9376	-19.9344
2873	-19.9616	-19.9582
2874	-19.9856	-19.9821
2875	-20.0097	-20.0059
2876	-20.0338	-20.0299
2877	-20.0579	-20.0537
2878	-20.0820	-20.0777
2879	-20.1061	-20.1016
2880	-20.1302	-20.1256
2881	-20.1543	-20.1497
2882	-20.1783	-20.1738
2883	-20.2024	-20.1979
2884	-20.2264	-20.2219
2885	-20.2504	-20.2457
2886	-20.2743	-20.2694
2887	-20.2983	-20.2931
2888	-20.3222	-20.3168
2889	-20.3462	-20.3407
2890	-20.3701	-20.3647
2891	-20.3941	-20.3886
2892	-20.4181	-20.4125
2893	-20.4422	-20.4364
2894	-20.4662	-20.4602
2895	-20.4903	-20.4841
2896	-20.5145	-20.5079
2897	-20.5387	-20.5318
2898	-20.5629	-20.5557
2899	-20.5871	-20.5797
2900	-20.6114	-20.6038
2901	-20.6356	-20.6279
2902	-20.6599	-20.6522
2903	-20.6841	-20.6765
2904	-20.7084	-20.7006
2905	-20.7327	-20.7246
2906	-20.7571	-20.7484
2907	-20.7814	-20.7722
2908	-20.8056	-20.7960
2909	-20.8296	-20.8198
2910	-20.8536	-20.8435
2911	-20.8775	-20.8673
2912	-20.9015	-20.8911
2913	-20.9257	-20.9149
2914	-20.9499	-20.9388
2915	-20.9742	-20.9627
2916	-20.9984	-20.9867
2917	-21.0225	-21.0107
2918	-21.0467	-21.0348
2919	-21.0707	-21.0588
2920	-21.0948	-21.0828
2921	-21.1188	-21.1067
2922	-21.1428	-21.1305
2923	-21.1669	-21.1544
2924	-21.1910	-21.1782
2925	-21.2153	-21.2021
2926	-21.2396	-21.2261
2927	-21.2639	-21.2500
2928	-21.2882	-21.2739
2929	-21.3123	-21.2977
2930	-21.3364	-21.3215
2931	-21.3604	-21.3454
2932	-21.3844	-21.3692
2933	-21.4084	-21.3930
2934	-21.4324	-21.4168
2935	-21.4565	-21.4407
2936	-21.4808	-21.4649
2937	-21.5053	-21.4893
2938	-21.5300	-21.5139
2939	-21.5549	-21.5387
2940	-21.5800	-21.5638
2941	-21.6055	-21.5892
2942	-21.6312	-21.6148
2943	-21.6569	-21.6403
2944	-21.6823	-21.6656
2945	-21.7072	-21.6903
2946	-21.7318	-21.7148
2947	-21.7562	-21.7390
2948	-21.7806	-21.7632
2949	-21.8051	-21.7875
2950	-21.8296	-21.8118
2951	-21.8540	-21.8361
2952	-21.8785	-21.8603
2953	-21.9030	-21.8845
2954	-21.9274	-21.9087
2955	-21.9519	-21.9328
2956	-21.9764	-21.9569
2957	-22.0010	-21.9809
2958	-22.0255	-22.0049
2959	-22.0501	-22.0289
2960	-22.0747	-22.0529
2961	-22.0993	-22.0771
2962	-22.1238	-22.1013
2963	-22.1483	-22.1255
2964	-22.1728	-22.1497
2965	-22.1972	-22.1738
2966	-22.2217	-22.1979
2967	-22.2461	-22.2220
2968	-22.2705	-22.2461
2969	-22.2950	-22.2702
2970	-22.3195	-22.2943
2971	-22.3440	-22.3185
2972	-22.3685	-22.3426
2973	-22.3930	-22.3667
2974	-22.4174	-22.3909
2975	-22.4418	-22.4150
2976	-22.4663	-22.4391
2977	-22.4908	-22.4632
2978	-22.5153	-22.4872
2979	-22.5398	-22.5113
2980	-22.5643	-22.5353
2981	-22.5887	-22.5593
2982	-22.6130	-22.5833
2983	-22.6373	-22.6073
2984	-22.6617	-22.6314
2985	-22.6862	-22.6555
2986	-22.7107	-22.6796
2987	-22.7352	-22.7038
2988	-22.7597	-22.7279
2989	-22.7842	-22.7519
2990	-22.8086	-22.7760
2991	-22.8331	-22.8000
2992	-22.8575	-22.8240
2993	-22.8819	-22.8481
2994	-22.9062	-22.8722
2995	-22.9306	-22.8963
2996	-22.9549	-22.9204
2997	-22.9792	-22.9444
2998	-23.0035	-22.9684
2999	-23.0278	-22.9924
3000	-23.0521	-23.0165
3001	-23.0765	-23.0406
3002	-23.1009	-23.0648
3003	-23.1254	-23.0890
3004	-23.1499	-23.1132
3005	-23.1744	-23.1373
3006	-23.1988	-23.1615
3007	-23.2233	-23.1857
3008	-23.2478	-23.2099
3009	-23.2723	-23.2343
3010	-23.2968	-23.2587
3011	-23.3213	-23.2831
3012	-23.3457	-23.3074
3013	-23.3701	-23.3315
3014	-23.3944	-23.3555
3015	-23.4188	-23.3794
3016	-23.4431	-23.4034
3017	-23.4675	-23.4275
3018	-23.4918	-23.4517
3019	-23.5162	-23.4759
3020	-23.5406	-23.5001
3021	-23.5650	-23.5242
3022	-23.5894	-23.5482
3023	-23.6139	-23.5723
3024	-23.6384	-23.5964
3025	-23.6630	-23.6206
3026	-23.6877	-23.6448
3027	-23.7124	-23.6691
3028	-23.7370	-23.6934
3029	-23.7615	-23.7177
3030	-23.7860	-23.7420
3031	-23.8105	-23.7663
3032	-23.8350	-23.7905
3033	-23.8597	-23.8146
3034	-23.8844	-23.8387
3035	-23.9091	-23.8627
3036	-23.9338	-23.8868
3037	-23.9583	-23.9109
3038	-23.9828	-23.9351
3039	-24.0073	-23.9593
3040	-24.0317	-23.9834
3041	-24.0562	-24.0075
3042	-24.0807	-24.0315
3043	-24.1052	-24.0556
3044	-24.1297	-24.0798
3045	-24.1542	-24.1041
3046	-24.1788	-24.1284
3047	-24.2033	-24.1528
3048	-24.2279	-24.1771
3049	-24.2524	-24.2013
3050	-24.2769	-24.2256
3051	-24.3014	-24.2498
3052	-24.3260	-24.2739
3053	-24.3507	-24.2980
3054	-24.3754	-24.3221
3055	-24.4001	-24.3462
3056	-24.4247	-24.3703
3057	-24.4492	-24.3944
3058	-24.4736	-24.4185
3059	-24.4980	-24.4427
3060	-24.5224	-24.4668
3061	-24.5467	-24.4909
3062	-24.5711	-24.5149
3063	-24.5955	-24.5392
3064	-24.6202	-24.5636
3065	-24.6451	-24.5882
3066	-24.6702	-24.6131
3067	-24.6955	-24.6382
3068	-24.7210	-24.6635
3069	-24.7470	-24.6892
3070	-24.7732	-24.7151
3071	-24.7992	-24.7409
3072	-24.8248	-24.7664
3073	-24.8496	-24.7912
3074	-24.8739	-24.8156
3075	-24.8980	-24.8397
3076	-24.9220	-24.8638
3077	-24.9462	-24.8881
3078	-24.9705	-24.9123
3079	-24.9947	-24.9364
3080	-25.0189	-24.9606
3081	-25.0431	-24.9848
3082	-25.0674	-25.0090
3083	-25.0916	-25.0331
3084	-25.1159	-25.0572
3085	-25.1402	-25.0812
3086	-25.1645	-25.1051
3087	-25.1888	-25.1290
3088	-25.2131	-25.1530
3089	-25.2374	-25.1772
3090	-25.2617	-25.2014
3091	-25.2860	-25.2256
3092	-25.3102	-25.2498
3093	-25.3344	-25.2738
3094	-25.3585	-25.2978
3095	-25.3826	-25.3218
3096	-25.4068	-25.3458
3097	-25.4310	-25.3699
3098	-25.4553	-25.3940
3099	-25.4796	-25.4182
3100	-25.5038	-25.4423
3101	-25.5279	-25.4665
3102	-25.5520	-25.4906
3103	-25.5762	-25.5147
3104	-25.6003	-25.5388
3105	-25.6245	-25.5628
3106	-25.6488	-25.5868
3107	-25.6731	-25.6107
3108	-25.6973	-25.6347
3109	-25.7214	-25.6587
3110	-25.7455	-25.6827
3111	-25.7695	-25.7067
3112	-25.7936	-25.7308
3113	-25.8178	-25.7549
3114	-25.8419	-25.7791
3115	-25.8661	-25.8033
3116	-25.8903	-25.8274
3117	-25.9145	-25.8514
3118	-25.9386	-25.8754
3119	-25.9628	-25.8994
3120	-25.9869	-25.9234
3121	-26.0110	-25.9474
3122	-26.0351	-25.9715
3123	-26.0592	-25.9955
3124	-26.0833	-26.0196
3125	-26.1073	-26.0436
3126	-26.1314	-26.0677
3127	-26.1554	-26.0917
3128	-26.1795	-26.1158
3129	-26.2036	-26.1399
3130	-26.2278	-26.1640
3131	-26.2520	-26.1881
3132	-26.2762	-26.2122
3133	-26.3004	-26.2363
3134	-26.3246	-26.2604
3135	-26.3487	-26.2846
3136	-26.3729	-26.3088
3137	-26.3971	-26.3331
3138	-26.4213	-26.3575
3139	-26.4455	-26.3818
3140	-26.4696	-26.4060
3141	-26.4937	-26.4300
3142	-26.5177	-26.4540
3143	-26.5418	-26.4779
3144	-26.5658	-26.5019
3145	-26.5899	-26.5261
3146	-26.6140	-26.5503
3147	-26.6381	-26.5745
3148	-26.6622	-26.5987
3149	-26.6863	-26.6227
3150	-26.7105	-26.6467
3151	-26.7347	-26.6707
3152	-26.7589	-26.6948
3153	-26.7833	-26.7190
3154	-26.8077	-26.7432
3155	-26.8321	-26.7675
3156	-26.8564	-26.7918
3157	-26.8806	-26.8161
3158	-26.9047	-26.8403
3159	-26.9288	-26.8646
3160	-26.9530	-26.8888
3161	-26.9774	-26.9130
3162	-27.0020	-26.9371
3163	-27.0265	-26.9611
3164	-27.0509	-26.9852
3165	-27.0751	-27.0093
3166	-27.0991	-27.0333
3167	-27.1232	-27.0574
3168	-27.1473	-27.0814
3169	-27.1716	-27.1054
3170	-27.1959	-27.1293
3171	-27.2203	-27.1533
3172	-27.2446	-27.1774
3173	-27.2689	-27.2017
3174	-27.2931	-27.2261
3175	-27.3173	-27.2505
3176	-27.3415	-27.2749
3177	-27.3657	-27.2991
3178	-27.3898	-27.3232
3179	-27.4140	-27.3473
3180	-27.4383	-27.3713
3181	-27.4627	-27.3953
3182	-27.4872	-27.4193
3183	-27.5116	-27.4434
3184	-27.5360	-27.4674
3185	-27.5602	-27.4915
3186	-27.5843	-27.5156
3187	-27.6083	-27.5397
3188	-27.6324	-27.5638
3189	-27.6564	-27.5878
3190	-27.6805	-27.6119
3191	-27.7046	-27.6361
3192	-27.7290	-27.6605
3193	-27.7536	-27.6851
3194	-27.7784	-27.7100
3195	-27.8034	-27.7351
3196	-27.8287	-27.7605
3197	-27.8545	-27.7863
3198	-27.8805	-27.8123
3199	-27.9063	-27.8382
3200	-27.9317	-27.8637
3201	-27.9562	-27.8884
3202	-27.9803	-27.9128
3203	-28.0041	-27.9369
3204	-28.0279	-27.9609
3205	-28.0519	-27.9852
3206	-28.0760	-28.0095
3207	-28.1000	-28.0337
3208	-28.1240	-28.0579
3209	-28.1480	-28.0820
3210	-28.1721	-28.1060
3211	-28.1961	-28.1299
3212	-28.2201	-28.1539
3213	-28.2441	-28.1779
3214	-28.2681	-28.2018
3215	-28.2922	-28.2258
3216	-28.3162	-28.2498
3217	-28.3403	-28.2739
3218	-28.3643	-28.2981
3219	-28.3884	-28.3223
3220	-28.4124	-28.3464
3221	-28.4363	-28.3705
3222	-28.4602	-28.3945
3223	-28.4841	-28.4185
3224	-28.5080	-28.4425
3225	-28.5320	-28.4665
3226	-28.5560	-28.4906
3227	-28.5800	-28.5146
3228	-28.6040	-28.5387
3229	-28.6279	-28.5628
3230	-28.6518	-28.5870
3231	-28.6756	-28.6111
3232	-28.6995	-28.6352
3233	-28.7235	-28.6592
3234	-28.7474	-28.6832
3235	-28.7714	-28.7072
3236	-28.7954	-28.7312
3237	-28.8193	-28.7552
3238	-28.8432	-28.7792
3239	-28.8670	-28.8033
3240	-28.8909	-28.8273
3241	-28.9148	-28.8513
3242	-28.9388	-28.8754
3243	-28.9628	-28.8994
3244	-28.9867	-28.9234
3245	-29.0106	-28.9474
3246	-29.0346	-28.9713
3247	-29.0585	-28.9953
3248	-29.0823	-29.0193
3249	-29.1061	-29.0434
3250	-29.1298	-29.0674
3251	-29.1535	-29.0915
3252	-29.1773	-29.1156
3253	-29.2011	-29.1396
3254	-29.2249	-29.1637
3255	-29.2488	-29.1877
3256	-29.2727	-29.2117
3257	-29.2966	-29.2357
3258	-29.3206	-29.2596
3259	-29.3445	-29.2836
3260	-29.3685	-29.3076
3261	-29.3925	-29.3317
3262	-29.4165	-29.3558
3263	-29.4405	-29.3800
3264	-29.4645	-29.4042
3265	-29.4884	-29.4285
3266	-29.5123	-29.4528
3267	-29.5362	-29.4771
3268	-29.5601	-29.5013
3269	-29.5840	-29.5253
3270	-29.6079	-29.5492
3271	-29.6318	-29.5731
3272	-29.6556	-29.5970
3273	-29.6794	-29.6211
3274	-29.7032	-29.6453
3275	-29.7270	-29.6695
3276	-29.7508	-29.6937
3277	-29.7747	-29.7177
3278	-29.7987	-29.7417
3279	-29.8227	-29.7657
3280	-29.8467	-29.7897
3281	-29.8707	-29.8138
3282	-29.8948	-29.8379
3283	-29.9189	-29.8620
3284	-29.9429	-29.8862
3285	-29.9668	-29.9104
3286	-29.9908	-29.9346
3287	-30.0147	-29.9588
3288	-30.0387	-29.9830
3289	-30.0628	-30.0071
3290	-30.0870	-30.0311
3291	-30.1112	-30.0551
3292	-30.1353	-30.0791
3293	-30.1593	-30.1031
3294	-30.1831	-30.1270
3295	-30.2070	-30.1510
3296	-30.2309	-30.1750
3297	-30.2549	-30.1990
3298	-30.2789	-30.2231
3299	-30.3029	-30.2472
3300	-30.3269	-30.2714
3301	-30.3509	-30.2956
3302	-30.3750	-30.3199
3303	-30.3990	-30.3442
3304	-30.4230	-30.3684
3305	-30.4469	-30.3926
3306	-30.4708	-30.4167
3307	-30.4947	-30.4408
3308	-30.5187	-30.4649
3309	-30.5428	-30.4890
3310	-30.5670	-30.5130
3311	-30.5911	-30.5370
3312	-30.6152	-30.5610
3313	-30.6392	-30.5850
3314	-30.6631	-30.6090
3315	-30.6869	-30.6330
3316	-30.7108	-30.6570
3317	-30.7346	-30.6809
3318	-30.7584	-30.7049
3319	-30.7824	-30.7290
3320	-30.8065	-30.7533
3321	-30.8308	-30.7779
3322	-30.8554	-30.8027
3323	-30.8801	-30.8278
3324	-30.9051	-30.8531
3325	-30.9305	-30.8788
3326	-30.9561	-30.9047
3327	-30.9816	-30.9304
3328	-31.0068	-30.9558
3329	-31.0313	-30.9805
3330	-31.0553	-31.0047
3331	-31.0792	-31.0287
3332	-31.1030	-31.0526
3333	-31.1270	-31.0767
3334	-31.1509	-31.1007
3335	-31.1749	-31.1247
3336	-31.1988	-31.1486
3337	-31.2228	-31.1725
3338	-31.2467	-31.1964
3339	-31.2707	-31.2203
3340	-31.2947	-31.2441
3341	-31.3187	-31.2679
3342	-31.3427	-31.2917
3343	-31.3666	-31.3155
3344	-31.3906	-31.3393
3345	-31.4146	-31.3632
3346	-31.4385	-31.3872
3347	-31.4625	-31.4112
3348	-31.4864	-31.4352
3349	-31.5103	-31.4591
3350	-31.5342	-31.4830
3351	-31.5581	-31.5068
3352	-31.5820	-31.5307
3353	-31.6059	-31.5546
3354	-31.6299	-31.5785
3355	-31.6538	-31.6024
3356	-31.6777	-31.6263
3357	-31.7016	-31.6502
3358	-31.7255	-31.6742
3359	-31.7494	-31.6981
3360	-31.7733	-31.7220
3361	-31.7973	-31.7459
3362	-31.8212	-31.7697
3363	-31.8452	-31.7935
3364	-31.8691	-31.8173
3365	-31.8929	-31.8411
3366	-31.9167	-31.8649
3367	-31.9404	-31.8887
3368	-31.9642	-31.9126
3369	-31.9881	-31.9366
3370	-32.0120	-31.9606
3371	-32.0360	-31.9846
3372	-32.0599	-32.0085
3373	-32.0838	-32.0323
3374	-32.1077	-32.0560
3375	-32.1316	-32.0797
3376	-32.1555	-32.1035
3377	-32.1793	-32.1274
3378	-32.2031	-32.1513
3379	-32.2268	-32.1752
3380	-32.2506	-32.1991
3381	-32.2744	-32.2229
3382	-32.2983	-32.2467
3383	-32.3221	-32.2705
3384	-32.3460	-32.2943
3385	-32.3698	-32.3181
3386	-32.3937	-32.3420
3387	-32.4175	-32.3659
3388	-32.4414	-32.3899
3389	-32.4653	-32.4139
3390	-32.4893	-32.4379
3391	-32.5132	-32.4619
3392	-32.5372	-32.4860
3393	-32.5612	-32.5101
3394	-32.5852	-32.5343
3395	-32.6092	-32.5584
3396	-32.6331	-32.5824
3397	-32.6569	-32.6063
3398	-32.6807	-32.6301
3399	-32.7045	-32.6539
3400	-32.7283	-32.6777
3401	-32.7522	-32.7017
3402	-32.7760	-32.7258
3403	-32.8000	-32.7499
3404	-32.8239	-32.7739
3405	-32.8478	-32.7978
3406	-32.8718	-32.8216
3407	-32.8958	-32.8454
3408	-32.9198	-32.8693
3409	-32.9439	-32.8933
3410	-32.9681	-32.9173
3411	-32.9923	-32.9414
3412	-33.0164	-32.9654
3413	-33.0403	-32.9894
3414	-33.0642	-33.0134
3415	-33.0881	-33.0373
3416	-33.1121	-33.0613
3417	-33.1363	-33.0853
3418	-33.1606	-33.1092
3419	-33.1848	-33.1332
3420	-33.2090	-33.1571
3421	-33.2329	-33.1810
3422	-33.2567	-33.2049
3423	-33.2805	-33.2287
3424	-33.3044	-33.2526
3425	-33.3284	-33.2765
3426	-33.3525	-33.3004
3427	-33.3767	-33.3243
3428	-33.4008	-33.3483
3429	-33.4249	-33.3724
3430	-33.4489	-33.3966
3431	-33.4730	-33.4207
3432	-33.4970	-33.4448
3433	-33.5210	-33.4688
3434	-33.5449	-33.4927
3435	-33.5689	-33.5166
3436	-33.5929	-33.5405
3437	-33.6171	-33.5644
3438	-33.6413	-33.5883
3439	-33.6655	-33.6122
3440	-33.6897	-33.6361
3441	-33.7137	-33.6600
3442	-33.7376	-33.6839
3443	-33.7615	-33.7078
3444	-33.7854	-33.7317
3445	-33.8092	-33.7555
3446	-33.8331	-33.7794
3447	-33.8570	-33.8034
3448	-33.8812	-33.8276
3449	-33.9055	-33.8521
3450	-33.9300	-33.8768
3451	-33.9548	-33.9018
3452	-33.9799	-33.9271
3453	-34.0055	-33.9528
3454	-34.0314	-33.9787
3455	-34.0572	-34.0044
3456	-34.0827	-34.0298
3457	-34.1075	-34.0544
3458	-34.1319	-34.0786
3459	-34.1561	-34.1025
3460	-34.1802	-34.1264
3461	-34.2045	-34.1505
3462	-34.2288	-34.1746
3463	-34.2531	-34.1987
3464	-34.2774	-34.2227
3465	-34.3017	-34.2467
3466	-34.3261	-34.2706
3467	-34.3504	-34.2945
3468	-34.3748	-34.3184
3469	-34.3991	-34.3422
3470	-34.4235	-34.3660
3471	-34.4478	-34.3898
3472	-34.4722	-34.4136
3473	-34.4966	-34.4376
3474	-34.5210	-34.4616
3475	-34.5453	-34.4857
3476	-34.5697	-34.5097
3477	-34.5940	-34.5336
3478	-34.6183	-34.5575
3479	-34.6426	-34.5814
3480	-34.6669	-34.6053
3481	-34.6912	-34.6292
3482	-34.7156	-34.6531
3483	-34.7399	-34.6770
3484	-34.7642	-34.7009
3485	-34.7884	-34.7249
3486	-34.8125	-34.7489
3487	-34.8367	-34.7729
3488	-34.8609	-34.7968
3489	-34.8852	-34.8207
3490	-34.9095	-34.8445
3491	-34.9339	-34.8683
3492	-34.9582	-34.8921
3493	-34.9824	-34.9160
3494	-35.0066	-34.9399
3495	-35.0308	-34.9638
3496	-35.0550	-34.9877
3497	-35.0793	-35.0116
3498	-35.1035	-35.0355
3499	-35.1278	-35.0594
3500	-35.1521	-35.0833
3501	-35.1764	-35.1071
3502	-35.2007	-35.1309
3503	-35.2250	-35.1547
3504	-35.2492	-35.1785
3505	-35.2734	-35.2024
3506	-35.2975	-35.2264
3507	-35.3216	-35.2503
3508	-35.3458	-35.2742
3509	-35.3700	-35.2980
3510	-35.3942	-35.3217
3511	-35.4184	-35.3455
3512	-35.4427	-35.3693
3513	-35.4669	-35.3932
3514	-35.4912	-35.4172
3515	-35.5155	-35.4412
3516	-35.5398	-35.4652
3517	-35.5642	-35.4892
3518	-35.5885	-35.5131
3519	-35.6129	-35.5372
3520	-35.6372	-35.5612
3521	-35.6614	-35.5854
3522	-35.6856	-35.6096
3523	-35.7098	-35.6337
3524	-35.7340	-35.6578
3525	-35.7582	-35.6817
3526	-35.7824	-35.7055
3527	-35.8066	-35.7293
3528	-35.8308	-35.7531
3529	-35.8550	-35.7770
3530	-35.8792	-35.8010
3531	-35.9034	-35.8250
3532	-35.9276	-35.8490
3533	-35.9518	-35.8729
3534	-35.9761	-35.8968
3535	-36.0004	-35.9207
3536	-36.0247	-35.9446
3537	-36.0491	-35.9686
3538	-36.0736	-35.9927
3539	-36.0981	-36.0167
3540	-36.1225	-36.0408
3541	-36.1468	-36.0649
3542	-36.1710	-36.0889
3543	-36.1953	-36.1130
3544	-36.2196	-36.1370
3545	-36.2441	-36.1610
3546	-36.2687	-36.1850
3547	-36.2933	-36.2090
3548	-36.3178	-36.2329
3549	-36.3421	-36.2568
3550	-36.3663	-36.2808
3551	-36.3905	-36.3047
3552	-36.4147	-36.3286
3553	-36.4391	-36.3525
3554	-36.4635	-36.3764
3555	-36.4880	-36.4003
3556	-36.5124	-36.4243
3557	-36.5367	-36.4484
3558	-36.5611	-36.4726
3559	-36.5854	-36.4968
3560	-36.6097	-36.5209
3561	-36.6341	-36.5448
3562	-36.6584	-36.5687
3563	-36.6828	-36.5926
3564	-36.7073	-36.6164
3565	-36.7319	-36.6403
3566	-36.7564	-36.6642
3567	-36.7810	-36.6881
3568	-36.8055	-36.7121
3569	-36.8298	-36.7361
3570	-36.8541	-36.7601
3571	-36.8783	-36.7841
3572	-36.9025	-36.8081
3573	-36.9267	-36.8320
3574	-36.9509	-36.8559
3575	-36.9752	-36.8799
3576	-36.9997	-36.9041
3577	-37.0244	-36.9285
3578	-37.0493	-36.9532
3579	-37.0745	-36.9781
3580	-37.0999	-37.0033
3581	-37.1259	-37.0289
3582	-37.1520	-37.0548
3583	-37.1781	-37.0805
3584	-37.2037	-37.1059
3585	-37.2284	-37.1305
3586	-37.2527	-37.1548
3587	-37.2767	-37.1788
3588	-37.3007	-37.2027
3589	-37.3249	-37.2269
3590	-37.3491	-37.2510
3591	-37.3734	-37.2751
3592	-37.3976	-37.2991
3593	-37.4219	-37.3231
3594	-37.4461	-37.3470
3595	-37.4704	-37.3709
3596	-37.4947	-37.3948
3597	-37.5190	-37.4186
3598	-37.5432	-37.4423
3599	-37.5675	-37.4661
3600	-37.5918	-37.4899
3601	-37.6161	-37.5138
3602	-37.6405	-37.5378
3603	-37.6648	-37.5619
3604	-37.6890	-37.5859
3605	-37.7131	-37.6099
3606	-37.7372	-37.6338
3607	-37.7613	-37.6578
3608	-37.7854	-37.6817
3609	-37.8097	-37.7056
3610	-37.8340	-37.7295
3611	-37.8583	-37.7534
3612	-37.8826	-37.7773
3613	-37.9068	-37.8013
3614	-37.9309	-37.8254
3615	-37.9550	-37.8494
3616	-37.9791	-37.8734
3617	-38.0033	-37.8973
3618	-38.0276	-37.9212
3619	-38.0519	-37.9450
3620	-38.0761	-37.9688
3621	-38.1002	-37.9926
3622	-38.1243	-38.0165
3623	-38.1484	-38.0403
3624	-38.1725	-38.0642
3625	-38.1966	-38.0882
3626	-38.2208	-38.1122
3627	-38.2450	-38.1361
3628	-38.2692	-38.1601
3629	-38.2934	-38.1840
3630	-38.3176	-38.2078
3631	-38.3418	-38.2316
3632	-38.3660	-38.2554
3633	-38.3901	-38.2793
3634	-38.4141	-38.3032
3635	-38.4381	-38.3271
3636	-38.4621	-38.3510
3637	-38.4861	-38.3749
3638	-38.5101	-38.3988
3639	-38.5342	-38.4227
3640	-38.5583	-38.4466
3641	-38.5824	-38.4706
3642	-38.6066	-38.4945
3643	-38.6308	-38.5185
3644	-38.6551	-38.5425
3645	-38.6794	-38.5664
3646	-38.7037	-38.5904
3647	-38.7280	-38.6144
3648	-38.7523	-38.6384
3649	-38.7765	-38.6625
3650	-38.8007	-38.6867
3651	-38.8248	-38.7109
3652	-38.8489	-38.7350
3653	-38.8730	-38.7589
3654	-38.8970	-38.7828
3655	-38.9210	-38.8066
3656	-38.9451	-38.8305
3657	-38.9692	-38.8545
3658	-38.9933	-38.8785
3659	-39.0174	-38.9025
3660	-39.0416	-38.9265
3661	-39.0658	-38.9504
3662	-39.0900	-38.9743
3663	-39.1143	-38.9983
3664	-39.1386	-39.0222
3665	-39.1629	-39.0462
3666	-39.1873	-39.0703
3667	-39.2117	-39.0943
3668	-39.2360	-39.1184
3669	-39.2602	-39.1425
3670	-39.2843	-39.1665
3671	-39.3085	-39.1906
3672	-39.3327	-39.2146
3673	-39.3572	-39.2386
3674	-39.3817	-39.2626
3675	-39.4063	-39.2866
3676	-39.4307	-39.3105
3677	-39.4549	-39.3344
3678	-39.4789	-39.3584
3679	-39.5030	-39.3823
3680	-39.5271	-39.4062
3681	-39.5514	-39.4301
3682	-39.5757	-39.4540
3683	-39.6001	-39.4779
3684	-39.6245	-39.5019
3685	-39.6488	-39.5261
3686	-39.6731	-39.5503
3687	-39.6973	-39.5745
3688	-39.7216	-39.5987
3689	-39.7458	-39.6227
3690	-39.7701	-39.6466
3691	-39.7943	-39.6705
3692	-39.8186	-39.6944
3693	-39.8430	-39.7183
3694	-39.8675	-39.7422
3695	-39.8919	-39.7661
3696	-39.9163	-39.7900
3697	-39.9405	-39.8139
3698	-39.9646	-39.8379
3699	-39.9887	-39.8619
3700	-40.0128	-39.8859
3701	-40.0369	-39.9098
3702	-40.0610	-39.9337
3703	-40.0852	-39.9577
3704	-40.1096	-39.9820
3705	-40.1341	-40.0064
3706	-40.1589	-40.0310
3707	-40.1838	-40.0559
3708	-40.2091	-40.0811
3709	-40.2349	-40.1068
3710	-40.2610	-40.1328
3711	-40.2870	-40.1586
3712	-40.3125	-40.1841
3713	-40.3371	-40.2088
3714	-40.3613	-40.2331
3715	-40.3852	-40.2571
3716	-40.4090	-40.2811
3717	-40.4332	-40.3053
3718	-40.4573	-40.3294
3719	-40.4815	-40.3535
3720	-40.5056	-40.3776
3721	-40.5297	-40.4017
3722	-40.5538	-40.4257
3723	-40.5779	-40.4497
3724	-40.6020	-40.4736
3725	-40.6261	-40.4975
3726	-40.6503	-40.5213
3727	-40.6745	-40.5452
3728	-40.6986	-40.5691
3729	-40.7227	-40.5931
3730	-40.7468	-40.6172
3731	-40.7709	-40.6413
3732	-40.7950	-40.6654
3733	-40.8191	-40.6894
3734	-40.8432	-40.7133
3735	-40.8672	-40.7372
3736	-40.8913	-40.7611
3737	-40.9154	-40.7851
3738	-40.9395	-40.8090
3739	-40.9635	-40.8330
3740	-40.9876	-40.8570
3741	-41.0116	-40.8810
3742	-41.0356	-40.9051
3743	-41.0597	-40.9291
3744	-41.0837	-40.9531
3745	-41.1078	-40.9770
3746	-41.1319	-41.0009
3747	-41.1560	-41.0248
3748	-41.1801	-41.0487
3749	-41.2041	-41.0727
3750	-41.2280	-41.0967
3751	-41.2519	-41.1208
3752	-41.2758	-41.1448
3753	-41.2998	-41.1688
3754	-41.3239	-41.1927
3755	-41.3480	-41.2167
3756	-41.3721	-41.2406
3757	-41.3962	-41.2645
3758	-41.4203	-41.2883
3759	-41.4444	-41.3122
3760	-41.4684	-41.3361
3761	-41.4924	-41.3601
3762	-41.5163	-41.3841
3763	-41.5402	-41.4081
3764	-41.5641	-41.4321
3765	-41.5880	-41.4559
3766	-41.6119	-41.4797
3767	-41.6358	-41.5035
3768	-41.6598	-41.5274
3769	-41.6838	-41.5514
3770	-41.7079	-41.5754
3771	-41.7320	-41.5995
3772	-41.7561	-41.6236
3773	-41.7802	-41.6477
3774	-41.8044	-41.6718
3775	-41.8285	-41.6959
3776	-41.8526	-41.7200
3777	-41.8767	-41.7442
3778	-41.9008	-41.7684
3779	-41.9249	-41.7926
3780	-41.9489	-41.8167
3781	-41.9729	-41.8407
3782	-41.9968	-41.8645
3783	-42.0207	-41.8884
3784	-42.0446	-41.9123
3785	-42.0685	-41.9363
3786	-42.0923	-41.9604
3787	-42.1162	-41.9845
3788	-42.1402	-42.0085
3789	-42.1643	-42.0324
3790	-42.1884	-42.0563
3791	-42.2126	-42.0802
3792	-42.2368	-42.1042
3793	-42.2610	-42.1282
3794	-42.2852	-42.1523
3795	-42.3094	-42.1765
3796	-42.3336	-42.2006
3797	-42.3577	-42.2248
3798	-42.3818	-42.2489
3799	-42.4058	-42.2730
3800	-42.4300	-42.2971
3801	-42.4543	-42.3211
3802	-42.4787	-42.3450
3803	-42.5031	-42.3689
3804	-42.5274	-42.3928
3805	-42.5515	-42.4168
3806	-42.5755	-42.4408
3807	-42.5995	-42.4649
3808	-42.6235	-42.4889
3809	-42.6476	-42.5129
3810	-42.6718	-42.5368
3811	-42.6960	-42.5608
3812	-42.7202	-42.5849
3813	-42.7443	-42.6091
3814	-42.7684	-42.6334
3815	-42.7925	-42.6576
3816	-42.8166	-42.6818
3817	-42.8406	-42.7059
3818	-42.8647	-42.7299
3819	-42.8888	-42.7538
3820	-42.9129	-42.7778
3821	-42.9372	-42.8018
3822	-42.9615	-42.8257
3823	-42.9858	-42.8497
3824	-43.0101	-42.8736
3825	-43.0342	-42.8976
3826	-43.0583	-42.9215
3827	-43.0824	-42.9455
3828	-43.1064	-42.9695
3829	-43.1303	-42.9934
3830	-43.1543	-43.0173
3831	-43.1783	-43.0414
3832	-43.2026	-43.0657
3833	-43.2271	-43.0902
3834	-43.2517	-43.1149
3835	-43.2767	-43.1399
3836	-43.3018	-43.1652
3837	-43.3274	-43.1910
3838	-43.3531	-43.2169
3839	-43.3788	-43.2428
3840	-43.4040	-43.2683
3841	-43.4285	-43.2930
3842	-43.4525	-43.3174
3843	-43.4763	-43.3414
3844	-43.5000	-43.3654
3845	-43.5240	-43.3895
3846	-43.5479	-43.4136
3847	-43.5718	-43.4376
3848	-43.5957	-43.4616
3849	-43.6196	-43.4857
3850	-43.6434	-43.5097
3851	-43.6673	-43.5337
3852	-43.6912	-43.5577
3853	-43.7151	-43.5816
3854	-43.7391	-43.6054
3855	-43.7631	-43.6292
3856	-43.7871	-43.6531
3857	-43.8111	-43.6770
3858	-43.8352	-43.7010
3859	-43.8592	-43.7250
3860	-43.8831	-43.7490
3861	-43.9069	-43.7730
3862	-43.9307	-43.7970
3863	-43.9545	-43.8209
3864	-43.9783	-43.8449
3865	-44.0023	-43.8689
3866	-44.0264	-43.8928
3867	-44.0504	-43.9168
3868	-44.0744	-43.9408
3869	-44.0982	-43.9648
3870	-44.1220	-43.9889
3871	-44.1458	-44.0129
3872	-44.1696	-44.0369
3873	-44.1935	-44.0608
3874	-44.2175	-44.0846
3875	-44.2414	-44.1085
3876	-44.2653	-44.1323
3877	-44.2891	-44.1561
3878	-44.3128	-44.1800
3879	-44.3365	-44.2039
3880	-44.3603	-44.2278
3881	-44.3842	-44.2518
3882	-44.4081	-44.2759
3883	-44.4321	-44.3000
3884	-44.4560	-44.3240
3885	-44.4799	-44.3479
3886	-44.5038	-44.3717
3887	-44.5276	-44.3955
3888	-44.5514	-44.4194
3889	-44.5751	-44.4434
3890	-44.5988	-44.4674
3891	-44.6225	-44.4913
3892	-44.6462	-44.5153
3893	-44.6699	-44.5392
3894	-44.6936	-44.5630
3895	-44.7174	-44.5868
3896	-44.7412	-44.6107
3897	-44.7651	-44.6346
3898	-44.7890	-44.6585
3899	-44.8129	-44.6825
3900	-44.8369	-44.7065
3901	-44.8608	-44.7305
3902	-44.8848	-44.7545
3903	-44.9087	-44.7785
3904	-44.9326	-44.8026
3905	-44.9565	-44.8268
3906	-44.9803	-44.8510
3907	-45.0042	-44.8753
3908	-45.0280	-44.8994
3909	-45.0518	-44.9233
3910	-45.0756	-44.9472
3911	-45.0994	-44.9710
3912	-45.1232	-44.9949
3913	-45.1469	-45.0189
3914	-45.1706	-45.0430
3915	-45.1943	-45.0671
3916	-45.2180	-45.0912
3917	-45.2418	-45.1151
3918	-45.2657	-45.1390
3919	-45.2896	-45.1629
3920	-45.3136	-45.1868
3921	-45.3377	-45.2108
3922	-45.3618	-45.2349
3923	-45.3859	-45.2590
3924	-45.4099	-45.2831
3925	-45.4337	-45.3072
3926	-45.4575	-45.3314
3927	-45.4813	-45.3555
3928	-45.5052	-45.3796
3929	-45.5294	-45.4036
3930	-45.5537	-45.4276
3931	-45.5780	-45.4515
3932	-45.6022	-45.4754
3933	-45.6261	-45.4993
3934	-45.6499	-45.5233
3935	-45.6737	-45.5472
3936	-45.6975	-45.5711
3937	-45.7214	-45.5950
3938	-45.7454	-45.6189
3939	-45.7694	-45.6428
3940	-45.7934	-45.6668
3941	-45.8173	-45.6910
3942	-45.8413	-45.7153
3943	-45.8652	-45.7396
3944	-45.8891	-45.7638
3945	-45.9130	-45.7879
3946	-45.9369	-45.8120
3947	-45.9608	-45.8360
3948	-45.9848	-45.8600
3949	-46.0088	-45.8840
3950	-46.0329	-45.9080
3951	-46.0570	-45.9320
3952	-46.0810	-45.9559
3953	-46.1049	-45.9798
3954	-46.1287	-46.0036
3955	-46.1526	-46.0275
3956	-46.1764	-46.0514
3957	-46.2002	-46.0753
3958	-46.2241	-46.0993
3959	-46.2481	-46.1234
3960	-46.2722	-46.1477
3961	-46.2964	-46.1721
3962	-46.3209	-46.1968
3963	-46.3456	-46.2217
3964	-46.3706	-46.2469
3965	-46.3962	-46.2727
3966	-46.4220	-46.2988
3967	-46.4477	-46.3249
3968	-46.4732	-46.3505
3969	-46.4980	-46.3753
3970	-46.5224	-46.3998
3971	-46.5466	-46.4240
3972	-46.5708	-46.4481
3973	-46.5952	-46.4725
3974	-46.6195	-46.4968
3975	-46.6439	-46.5211
3976	-46.6682	-46.5453
3977	-46.6925	-46.5695
3978	-46.7168	-46.5936
3979	-46.7411	-46.6177
3980	-46.7654	-46.6417
3981	-46.7897	-46.6657
3982	-46.8141	-46.6897
3983	-46.8384	-46.7137
3984	-46.8628	-46.7378
3985	-46.8872	-46.7620
3986	-46.9116	-46.7862
3987	-46.9360	-46.8105
3988	-46.9603	-46.8347
3989	-46.9845	-46.8588
3990	-47.0087	-46.8829
3991	-47.0329	-46.9069
3992	-47.0571	-46.9310
3993	-47.0814	-46.9551
3994	-47.1058	-46.9792
3995	-47.1301	-47.0033
3996	-47.1544	-47.0274
3997	-47.1786	-47.0515
3998	-47.2027	-47.0757
3999	-47.2268	-47.0998
4000	-47.2510	-47.1239
4001	-47.2753	-47.1480
4002	-47.2997	-47.1720
4003	-47.3241	-47.1960
4004	-47.3484	-47.2200
4005	-47.3726	-47.2440
4006	-47.3967	-47.2680
4007	-47.4208	-47.2920
4008	-47.4450	-47.3161
4009	-47.4692	-47.3403
4010	-47.4935	-47.3644
4011	-47.5178	-47.3886
4012	-47.5421	-47.4128
4013	-47.5664	-47.4369
4014	-47.5907	-47.4609
4015	-47.6150	-47.4849
4016	-47.6392	-47.5089
4017	-47.6633	-47.5330
4018	-47.6873	-47.5570
4019	-47.7113	-47.5811
4020	-47.7354	-47.6051
4021	-47.7596	-47.6291
4022	-47.7837	-47.6530
4023	-47.8080	-47.6770
4024	-47.8322	-47.7010
4025	-47.8564	-47.7251
4026	-47.8806	-47.7493
4027	-47.9049	-47.7735
4028	-47.9291	-47.7977
4029	-47.9534	-47.8218
4030	-47.9776	-47.8458
4031	-48.0019	-47.8699
4032	-48.0262	-47.8941
4033	-48.0505	-47.9184
4034	-48.0747	-47.9428
4035	-48.0990	-47.9672
4036	-48.1232	-47.9915
4037	-48.1474	-48.0156
4038	-48.1715	-48.0395
4039	-48.1956	-48.0634
4040	-48.2197	-48.0874
4041	-48.2438	-48.1115
4042	-48.2680	-48.1357
4043	-48.2922	-48.1598
4044	-48.3164	-48.1838
4045	-48.3407	-48.2077
4046	-48.3649	-48.2315
4047	-48.3893	-48.2553
4048	-48.4136	-48.2790
4049	-48.4379	-48.3028
4050	-48.4623	-48.3266
4051	-48.4867	-48.3504
4052	-48.5110	-48.3739
4053	-48.5353	-48.3974
4054	-48.5595	-48.4207
4055	-48.5838	-48.4438
4056	-48.6082	-48.4665
4057	-48.6327	-48.4891
4058	-48.6573	-48.5113
4059	-48.6819	-48.5330
4060	-48.7064	-48.5542
4061	-48.7306	-48.5753
4062	-48.7548	-48.5958
4063	-48.7789	-48.6156
4064	-48.8030	-48.6347
4065	-48.8273	-48.6534
4066	-48.8517	-48.6712
4067	-48.8760	-48.6883
4068	-48.9004	-48.7047
4069	-48.9247	-48.7209
4070	-48.9490	-48.7364
4071	-48.9732	-48.7510
4072	-48.9975	-48.7648
4073	-49.0216	-48.7780
4074	-49.0457	-48.7904
4075	-49.0699	-48.8020
4076	-49.0945	-48.8130
4077	-49.1197	-48.8239
4078	-49.1452	-48.8342
4079	-49.1707	-48.8439
4080	-49.1959	-48.8530
4081	-49.2205	-48.8619
4082	-49.2447	-48.8702
4083	-49.2688	-48.8781
4084	-49.2928	-48.8856
4085	-49.3169	-48.8930
4086	-49.3409	-48.9001
4087	-49.3651	-48.9068
4088	-49.3894	-48.9134
4089	-49.4140	-48.9198
4090	-49.4387	-48.9261
4091	-49.4636	-48.9323
4092	-49.4886	-48.9384
4093	-49.5136	-48.9445
4094	-49.5385	-48.9507
4095	-49.5632	-48.9570
