act_background	pas_background	amp_response	f_low_hf	f_high_hf	center_freq_hf
f_low_lf	f_high_lf	center_freq_lf	f_low_mf	f_high_mf	center_freq_mf
6.33E+07	4.61E+07	1	0	2048	1024
1.59E+07	1.15E+07	1	2048	6144	4096
79.5698	82.7938	1	6144	10240	8192
32.1197	30.4656	1	10240	14336	12288
37.6319	28.3681	1	14336	18432	16384
33	30.3991	1	18432	22528	20480
24.9978	24.2483	1	22528	26624	24576
17.7583	17.2927	1	26624	30720	28672
15.184	15.3681	1	30720	34816	32768
15.4856	15.6319	1	34816	38912	36864
15.5854	16.2528	1	38912	43008	40960
14.0399	14.5277	1	43008	47104	45056
13.6208	14.2373	1	47104	51200	49152
13.7406	14.2173	1	51200	55296	53248
14.1286	14.153	1	55296	59392	57344
14.1996	14.2949	1	59392	63488	61440
15.1951	14.5543	1	63488	67584	65536
14.3503	14.4124	1	67584	71680	69632
14.6452	14.3481	1	71680	75776	73728
15.1552	14.8027	1	75776	79872	77824
15.3902	14.8182	1	79872	83968	81920
14.3925	14.6319	1	83968	88064	86016
14.3858	14.6519	1	88064	92160	90112
13.765	14.7583	1	92160	96256	94208
14.7007	15.0177	1	96256	100352	98304
14.8071	14.9534	1	100352	104448	102400
14.6674	14.898	1	104448	108544	106496
15.1042	14.867	1	108544	112640	110592
15.2528	14.8182	1	112640	116736	114688
15.2217	15.0333	1	116736	120832	118784
15.0222	15.1109	1	120832	124928	122880
15.2993	15.459	1	124928	129024	126976
15.9734	16.5233	1	129024	133120	131072
15.1131	15.5854	1	133120	137216	135168
15.7073	15.133	1	137216	141312	139264
16.0177	15.1774	1	141312	145408	143360
15.5188	15.2772	1	145408	149504	147456
15.0488	15.2483	1	149504	153600	151552
15.3947	15.204	1	153600	157696	155648
15.0599	15.4013	1	157696	161792	159744
15.1796	15.4767	1	161792	165888	163840
15.5787	15.3525	1	165888	169984	167936
15.6519	15.3259	1	169984	174080	172032
15.2749	15.2905	1	174080	178176	176128
15.5654	15.3725	1	178176	182272	180224
15.5366	15.3592	1	182272	186368	184320
15.3282	15.2417	1	186368	190464	188416
15.663	15.643	1	190464	194560	192512
16.0399	16.1752	1	194560	202752	198656
15.4745	15.1774	1	202752	210944	206848
15.5122	15.2905	1	210944	219136	215040
15.2749	15.3016	1	219136	227328	223232
15.6341	15.3104	1	227328	235520	231424
15.0443	15.1729	1	235520	243712	239616
14.7162	15.0843	1	243712	251904	247808
18.388	17.6962	1	251904	260096	256000
29.7605	29.3171	1	260096	268288	264192
14.8293	14.8271	1	268288	276480	272384
14.9424	14.7583	1	276480	284672	280576
14.4146	14.6364	1	284672	292864	288768
14.6874	14.5898	1	292864	301056	296960
14.5676	14.4435	1	301056	309248	305152
14.7051	14.3215	1	309248	317440	313344
16.1685	15.1907	1	317440	325632	321536
17.8226	18.5676	1	325632	333824	329728
14.3171	14.1109	1	333824	342016	337920
13.9401	14.0244	1	342016	350208	346112
14.2173	14.1552	1	350208	358400	354304
14.7007	14.5432	1	358400	366592	362496
14.1752	13.6186	1	366592	374784	370688
14.7317	13.5987	1	374784	382976	378880
14.1951	13.7051	1	382976	391168	387072
13.8492	13.6519	1	391168	407552	399360
12.765	13.1175	1	407552	423936	415744
13.1619	12.9268	1	423936	440320	432128
12.6718	12.6098	1	440320	456704	448512
13.1463	12.9335	1	456704	473088	464896
12.3126	11.9712	1	473088	489472	481280
11.5721	11.7228	1	489472	505856	497664
18.1951	18.0621	1	505856	522240	514048
45.5166	45.4457	1	522240	538624	530432
10.8891	10.9734	1	538624	555008	546816
10.8803	10.9224	1	555008	571392	563200
12.2328	12.3836	1	571392	587776	579584
13.3614	13.51	1	587776	604160	595968
9.94678	10.0621	1	604160	620544	612352
10.2705	10.1264	1	620544	636928	628736
10.3681	10.2195	1	636928	653312	645120
12.5942	12.4701	1	653312	669696	661504
9.1929	9.11086	1	669696	686080	677888
9.46563	9.39911	1	686080	702464	694272
8.66075	8.90687	1	702464	718848	710656
9.92905	10.0843	1	718848	735232	727040
8.37916	8.30377	1	735232	751616	743424
8.2439	8.31707	1	751616	768000	759808
9	8.92461	1	768000	784384	776192
8.85366	8.69623	1	784384	817152	800768
7.56763	7.63193	1	817152	849920	833536
8.6918	8.4612	1	849920	882688	866304
7.22838	7.22616	1	882688	915456	899072
9.48115	9.33259	1	915456	948224	931840
6.81596	6.89135	1	948224	980992	964608
9.3459	9.70732	1	980992	1013760	997376
18.3925	17.7384	1	1013760	1046528	1030144
65.6585	63.7694	1	1046528	1079296	1062912
5.42129	5.33481	1	1079296	1112064	1095680
5.84701	5.56763	1	1112064	1144832	1128448
5.29268	5.1929	1	1144832	1177600	1161216
6.77162	6.82262	1	1177600	1210368	1193984
5.54545	5.58315	1	1210368	1243136	1226752
10.3659	10.4324	1	1243136	1275904	1259520
6.898	7.02439	1	1275904	1308672	1292288
16.7339	17.3348	1	1308672	1341440	1325056
4.08869	4.02217	1	1341440	1374208	1357824
3.77162	3.7694	1	1374208	1406976	1390592
3.90022	3.82262	1	1406976	1439744	1423360
4.11086	3.88248	1	1439744	1472512	1456128
4.06208	3.95122	1	1472512	1505280	1488896
6.58758	6.16851	1	1505280	1538048	1521664
9.57206	9.92461	1	1538048	1570816	1554432
17.9424	19.3304	1	1570816	1636352	1603584
3.01996	2.99778	1	1636352	1701888	1669120
2.70288	2.63193	1	1701888	1767424	1734656
5.79601	5.90909	1	1767424	1832960	1800192
17.5144	17.6319	1	1832960	1898496	1865728
3.051	3	1	1898496	1964032	1931264
2.68514	2.81375	1	1964032	2029568	1996800
1408.28	1412.26	1	2029568	2095104	2062336
0	0.5	0.25	32	0	16
0.5	1.5	1	96	32	64
1.5	2.5	2	160	96	128
2.5	3.5	3	224	160	192
3.5	4.5	4	288	224	256
4.5	5.5	5	352	288	320
5.5	6.5	6	416	352	384
6.5	7.5	7	480	416	448
7.5	8.5	8	544	480	512
8.5	9.5	9	608	544	576
9.5	10.5	10	672	608	640
10.5	11.5	11	736	672	704
11.5	12.5	12	800	736	768
12.5	13.5	13	864	800	832
13.5	14.5	14	928	864	896
14.5	15.5	15	992	928	960
15.5	17.5	16.5	1120	992	1056
17.5	19.5	18.5	1248	1120	1184
19.5	21.5	20.5	1376	1248	1312
21.5	23.5	22.5	1504	1376	1440
23.5	25.5	24.5	1632	1504	1568
25.5	27.5	26.5	1760	1632	1696
27.5	29.5	28.5	1888	1760	1824
29.5	31.5	30.5	2016	1888	1952
31.5	35.5	33.5	2272	2016	2144
35.5	39.5	37.5	2528	2272	2400
39.5	43.5	41.5	2784	2528	2656
43.5	47.5	45.5	3040	2784	2912
47.5	51.5	49.5	3296	3040	3168
51.5	55.5	53.5	3552	3296	3424
55.5	59.5	57.5	3808	3552	3680
59.5	63.5	61.5	4064	3808	3936
63.5	71.5	67.5	4576	4064	4320
71.5	79.5	75.5	5088	4576	4832
79.5	87.5	83.5	5600	5088	5344
87.5	95.5	91.5	6112	5600	5856
95.5	103.5	99.5	6624	6112	6368
103.5	111.5	107.5	7136	6624	6880
111.5	119.5	115.5	7648	7136	7392
119.5	127.5	123.5	8160	7648	7904
127.5	143.5	135.5	9184	8160	8672
143.5	159.5	151.5	10208	9184	9696
159.5	175.5	167.5	11232	10208	10720
175.5	191.5	183.5	12256	11232	11744
191.5	207.5	199.5	13280	12256	12768
207.5	223.5	215.5	14304	13280	13792
223.5	239.5	231.5	15328	14304	14816
239.5	255.5	247.4	16352	15328	15840
255.5	287.5	271.5	18400	16352	17376
287.5	319.5	303.5	20448	18400	19424
319.5	351.5	335.5	22496	20448	21472
351.5	383.5	367.5	24544	22496	23520
383.5	415.5	399.5	26592	24544	25568
415.5	447.5	431.5	28640	26592	27616
447.5	479.5	463.5	30688	28640	29664
479.5	511.5	495.5	32736	30688	31712