MAVEN LPW LP Stub DAC-to-sweep voltage calibration Wed Sep 17 14:15:19 2014
DAC Step	V1	V2
0	49.4635	25.7005
1	49.4400	28.6621
2	49.4165	31.5145
3	49.3929	34.1488
4	49.3693	36.4557
5	49.3456	38.3566
6	49.3218	39.8943
7	49.2979	41.1419
8	49.2739	42.1726
9	49.2499	43.1804
10	49.2258	43.9938
11	49.2018	44.6515
12	49.1777	45.1926
13	49.1537	45.7193
14	49.1297	46.1415
15	49.1057	46.4813
16	49.0817	46.7607
17	49.0576	47.0368
18	49.0335	47.2589
19	49.0093	47.4374
20	48.9852	47.5825
21	48.9612	47.7234
22	48.9371	47.8340
23	48.9131	47.9200
24	48.8891	47.9867
25	48.8650	48.0490
26	48.8409	48.0941
27	48.8168	48.1262
28	48.7928	48.1497
29	48.7689	48.1741
30	48.7451	48.1910
31	48.7212	48.2020
32	48.6973	48.2088
33	48.6732	48.2162
34	48.6489	48.2197
35	48.6247	48.2193
36	48.6006	48.2153
37	48.5767	48.2099
38	48.5528	48.2008
39	48.5290	48.1883
40	48.5051	48.1726
41	48.4811	48.1548
42	48.4569	48.1339
43	48.4328	48.1111
44	48.4087	48.0874
45	48.3847	48.0634
46	48.3606	48.0390
47	48.3367	48.0149
48	48.3127	47.9923
49	48.2888	47.9727
50	48.2648	47.9545
51	48.2409	47.9369
52	48.2170	47.9190
53	48.1930	47.9000
54	48.1690	47.8805
55	48.1450	47.8602
56	48.1210	47.8390
57	48.0970	47.8176
58	48.0730	47.7951
59	48.0490	47.7712
60	48.0250	47.7458
61	48.0009	47.7171
62	47.9769	47.6870
63	47.9528	47.6575
64	47.9287	47.6302
65	47.9047	47.6085
66	47.8806	47.5890
67	47.8566	47.5701
68	47.8326	47.5497
69	47.8086	47.5249
70	47.7846	47.4986
71	47.7607	47.4720
72	47.7367	47.4462
73	47.7128	47.4233
74	47.6888	47.4013
75	47.6649	47.3793
76	47.6409	47.3564
77	47.6169	47.3305
78	47.5929	47.3037
79	47.5688	47.2774
80	47.5447	47.2528
81	47.5205	47.2322
82	47.4963	47.2132
83	47.4721	47.1945
84	47.4479	47.1747
85	47.4237	47.1521
86	47.3996	47.1282
87	47.3755	47.1036
88	47.3513	47.0787
89	47.3270	47.0539
90	47.3028	47.0291
91	47.2785	47.0044
92	47.2543	46.9802
93	47.2302	46.9569
94	47.2062	46.9341
95	47.1822	46.9116
96	47.1582	46.8893
97	47.1341	46.8669
98	47.1099	46.8446
99	47.0857	46.8223
100	47.0615	46.7998
101	47.0374	46.7769
102	47.0133	46.7539
103	46.9892	46.7309
104	46.9651	46.7079
105	46.9411	46.6863
106	46.9171	46.6647
107	46.8930	46.6420
108	46.8689	46.6173
109	46.8446	46.5890
110	46.8203	46.5587
111	46.7960	46.5279
112	46.7717	46.4978
113	46.7476	46.4700
114	46.7236	46.4432
115	46.6996	46.4171
116	46.6756	46.3917
117	46.6517	46.3659
118	46.6277	46.3407
119	46.6036	46.3165
120	46.5793	46.2934
121	46.5548	46.2725
122	46.5300	46.2525
123	46.5051	46.2325
124	46.4801	46.2114
125	46.4549	46.1873
126	46.4296	46.1621
127	46.4044	46.1364
128	46.3794	46.1112
129	46.3549	46.0877
130	46.3307	46.0647
131	46.3067	46.0419
132	46.2827	46.0189
133	46.2586	45.9955
134	46.2345	45.9717
135	46.2105	45.9476
136	46.1865	45.9231
137	46.1625	45.8982
138	46.1386	45.8729
139	46.1146	45.8472
140	46.0906	45.8211
141	46.0665	45.7938
142	46.0423	45.7663
143	46.0182	45.7397
144	45.9940	45.7147
145	45.9699	45.6939
146	45.9457	45.6745
147	45.9216	45.6550
148	45.8976	45.6334
149	45.8736	45.6063
150	45.8497	45.5773
151	45.8257	45.5480
152	45.8018	45.5204
153	45.7778	45.4969
154	45.7537	45.4753
155	45.7297	45.4547
156	45.7057	45.4343
157	45.6818	45.4139
158	45.6579	45.3935
159	45.6340	45.3722
160	45.6101	45.3493
161	45.5860	45.3228
162	45.5618	45.2948
163	45.5377	45.2668
164	45.5136	45.2403
165	45.4897	45.2177
166	45.4658	45.1967
167	45.4420	45.1761
168	45.4181	45.1551
169	45.3941	45.1326
170	45.3702	45.1093
171	45.3462	45.0851
172	45.3222	45.0600
173	45.2982	45.0340
174	45.2743	45.0071
175	45.2503	44.9796
176	45.2264	44.9520
177	45.2025	44.9237
178	45.1787	44.8955
179	45.1549	44.8682
180	45.1311	44.8428
181	45.1073	44.8211
182	45.0835	44.8011
183	45.0596	44.7814
184	45.0357	44.7605
185	45.0117	44.7360
186	44.9877	44.7102
187	44.9637	44.6843
188	44.9397	44.6592
189	44.9157	44.6375
190	44.8918	44.6166
191	44.8678	44.5953
192	44.8438	44.5721
193	44.8197	44.5444
194	44.7957	44.5149
195	44.7716	44.4854
196	44.7476	44.4575
197	44.7237	44.4339
198	44.6999	44.4119
199	44.6761	44.3906
200	44.6522	44.3686
201	44.6283	44.3439
202	44.6043	44.3185
203	44.5803	44.2933
204	44.5563	44.2690
205	44.5324	44.2475
206	44.5085	44.2269
207	44.4845	44.2062
208	44.4605	44.1843
209	44.4363	44.1594
210	44.4121	44.1334
211	44.3879	44.1070
212	44.3637	44.0811
213	44.3397	44.0575
214	44.3157	44.0344
215	44.2917	44.0113
216	44.2677	43.9876
217	44.2435	43.9618
218	44.2192	43.9353
219	44.1950	43.9090
220	44.1708	43.8836
221	44.1468	43.8603
222	44.1229	43.8380
223	44.0990	43.8161
224	44.0751	43.7939
225	44.0510	43.7705
226	44.0268	43.7468
227	44.0026	43.7230
228	43.9784	43.6994
229	43.9543	43.6762
230	43.9303	43.6532
231	43.9063	43.6302
232	43.8823	43.6074
233	43.8583	43.5849
234	43.8344	43.5623
235	43.8104	43.5395
236	43.7863	43.5161
237	43.7621	43.4911
238	43.7378	43.4657
239	43.7135	43.4404
240	43.6893	43.4162
241	43.6653	43.3947
242	43.6413	43.3741
243	43.6174	43.3533
244	43.5935	43.3314
245	43.5696	43.3068
246	43.5457	43.2809
247	43.5216	43.2543
248	43.4974	43.2278
249	43.4729	43.2025
250	43.4482	43.1772
251	43.4234	43.1519
252	43.3984	43.1261
253	43.3732	43.0998
254	43.3480	43.0731
255	43.3229	43.0460
256	43.2979	43.0187
257	43.2734	42.9910
258	43.2490	42.9632
259	43.2248	42.9355
260	43.2007	42.9082
261	43.1764	42.8815
262	43.1522	42.8552
263	43.1279	42.8295
264	43.1037	42.8042
265	43.0794	42.7790
266	43.0552	42.7543
267	43.0309	42.7301
268	43.0066	42.7067
269	42.9823	42.6843
270	42.9579	42.6625
271	42.9335	42.6408
272	42.9092	42.6186
273	42.8849	42.5952
274	42.8607	42.5712
275	42.8365	42.5469
276	42.8123	42.5225
277	42.7882	42.4986
278	42.7640	42.4745
279	42.7399	42.4501
280	42.7157	42.4251
281	42.6914	42.3990
282	42.6671	42.3724
283	42.6428	42.3458
284	42.6185	42.3197
285	42.5944	42.2941
286	42.5703	42.2691
287	42.5462	42.2450
288	42.5221	42.2222
289	42.4978	42.2016
290	42.4735	42.1821
291	42.4492	42.1626
292	42.4250	42.1420
293	42.4009	42.1189
294	42.3768	42.0947
295	42.3528	42.0698
296	42.3287	42.0446
297	42.3045	42.0196
298	42.2803	41.9945
299	42.2561	41.9698
300	42.2319	41.9458
301	42.2077	41.9231
302	42.1836	41.9011
303	42.1594	41.8795
304	42.1353	41.8580
305	42.1111	41.8369
306	42.0870	41.8157
307	42.0628	41.7937
308	42.0387	41.7703
309	42.0146	41.7436
310	41.9906	41.7156
311	41.9665	41.6878
312	41.9424	41.6618
313	41.9183	41.6399
314	41.8941	41.6197
315	41.8700	41.6002
316	41.8458	41.5801
317	41.8216	41.5589
318	41.7974	41.5368
319	41.7731	41.5133
320	41.7489	41.4879
321	41.7247	41.4589
322	41.7004	41.4283
323	41.6762	41.3978
324	41.6520	41.3693
325	41.6278	41.3450
326	41.6036	41.3228
327	41.5794	41.3018
328	41.5553	41.2812
329	41.5313	41.2605
330	41.5073	41.2398
331	41.4833	41.2183
332	41.4592	41.1952
333	41.4350	41.1693
334	41.4108	41.1419
335	41.3865	41.1138
336	41.3622	41.0858
337	41.3379	41.0591
338	41.3135	41.0327
339	41.2891	41.0066
340	41.2648	40.9809
341	41.2405	40.9551
342	41.2163	40.9297
343	41.1920	40.9048
344	41.1677	40.8806
345	41.1432	40.8564
346	41.1186	40.8330
347	41.0941	40.8107
348	41.0697	40.7899
349	41.0455	40.7719
350	41.0215	40.7551
351	40.9975	40.7382
352	40.9734	40.7198
353	40.9491	40.6987
354	40.9248	40.6758
355	40.9004	40.6516
356	40.8761	40.6261
357	40.8519	40.5992
358	40.8276	40.5715
359	40.8034	40.5439
360	40.7792	40.5175
361	40.7549	40.4944
362	40.7306	40.4726
363	40.7063	40.4508
364	40.6820	40.4282
365	40.6576	40.4026
366	40.6332	40.3761
367	40.6088	40.3494
368	40.5845	40.3235
369	40.5603	40.2997
370	40.5361	40.2767
371	40.5119	40.2541
372	40.4877	40.2314
373	40.4636	40.2076
374	40.4395	40.1836
375	40.4152	40.1597
376	40.3908	40.1363
377	40.3662	40.1144
378	40.3413	40.0928
379	40.3163	40.0708
380	40.2911	40.0478
381	40.2656	40.0224
382	40.2401	39.9959
383	40.2146	39.9691
384	40.1895	39.9429
385	40.1649	39.9187
386	40.1407	39.8950
387	40.1166	39.8714
388	40.0926	39.8474
389	40.0685	39.8220
390	40.0444	39.7961
391	40.0203	39.7701
392	39.9962	39.7445
393	39.9721	39.7195
394	39.9480	39.6949
395	39.9238	39.6709
396	39.8997	39.6474
397	39.8755	39.6250
398	39.8513	39.6031
399	39.8272	39.5810
400	39.8030	39.5581
401	39.7789	39.5328
402	39.7547	39.5067
403	39.7306	39.4808
404	39.7065	39.4558
405	39.6824	39.4332
406	39.6584	39.4117
407	39.6344	39.3906
408	39.6103	39.3692
409	39.5862	39.3465
410	39.5620	39.3235
411	39.5379	39.3005
412	39.5138	39.2778
413	39.4898	39.2573
414	39.4658	39.2369
415	39.4418	39.2154
416	39.4178	39.1916
417	39.3937	39.1636
418	39.3695	39.1333
419	39.3454	39.1020
420	39.3213	39.0710
421	39.2973	39.0409
422	39.2733	39.0116
423	39.2494	38.9836
424	39.2254	38.9577
425	39.2013	38.9349
426	39.1772	38.9140
427	39.1531	38.8941
428	39.1290	38.8741
429	39.1049	38.8528
430	39.0809	38.8311
431	39.0569	38.8088
432	39.0329	38.7856
433	39.0089	38.7619
434	38.9850	38.7373
435	38.9611	38.7119
436	38.9371	38.6856
437	38.9131	38.6584
438	38.8891	38.6304
439	38.8651	38.6023
440	38.8411	38.5746
441	38.8171	38.5470
442	38.7932	38.5200
443	38.7692	38.4944
444	38.7452	38.4707
445	38.7212	38.4510
446	38.6971	38.4332
447	38.6730	38.4151
448	38.6489	38.3951
449	38.6248	38.3694
450	38.6007	38.3417
451	38.5766	38.3139
452	38.5525	38.2878
453	38.5285	38.2665
454	38.5045	38.2470
455	38.4805	38.2281
456	38.4565	38.2087
457	38.4326	38.1872
458	38.4086	38.1649
459	38.3847	38.1419
460	38.3607	38.1184
461	38.3367	38.0946
462	38.3126	38.0704
463	38.2885	38.0459
464	38.2643	38.0213
465	38.2400	37.9970
466	38.2157	37.9727
467	38.1914	37.9484
468	38.1672	37.9239
469	38.1432	37.8995
470	38.1192	37.8750
471	38.0952	37.8502
472	38.0711	37.8251
473	38.0468	37.7995
474	38.0224	37.7735
475	37.9981	37.7474
476	37.9738	37.7211
477	37.9497	37.6957
478	37.9258	37.6701
479	37.9018	37.6439
480	37.8778	37.6165
481	37.8537	37.5861
482	37.8295	37.5548
483	37.8053	37.5240
484	37.7811	37.4954
485	37.7570	37.4708
486	37.7328	37.4484
487	37.7087	37.4272
488	37.6846	37.4064
489	37.6604	37.3854
490	37.6363	37.3644
491	37.6121	37.3425
492	37.5879	37.3189
493	37.5636	37.2915
494	37.5394	37.2626
495	37.5151	37.2336
496	37.4909	37.2061
497	37.4668	37.1818
498	37.4427	37.1593
499	37.4186	37.1380
500	37.3946	37.1175
501	37.3707	37.0977
502	37.3467	37.0785
503	37.3226	37.0591
504	37.2983	37.0386
505	37.2737	37.0157
506	37.2490	36.9916
507	37.2240	36.9673
508	37.1989	36.9434
509	37.1736	36.9215
510	37.1481	36.9000
511	37.1228	36.8784
512	37.0978	36.8559
513	37.0733	36.8317
514	37.0491	36.8066
515	37.0252	36.7811
516	37.0012	36.7555
517	36.9771	36.7302
518	36.9530	36.7049
519	36.9289	36.6799
520	36.9048	36.6555
521	36.8807	36.6323
522	36.8566	36.6096
523	36.8325	36.5867
524	36.8084	36.5630
525	36.7844	36.5382
526	36.7604	36.5125
527	36.7364	36.4861
528	36.7123	36.4589
529	36.6881	36.4308
530	36.6638	36.4021
531	36.6396	36.3735
532	36.6154	36.3454
533	36.5914	36.3176
534	36.5674	36.2907
535	36.5434	36.2652
536	36.5194	36.2416
537	36.4953	36.2218
538	36.4711	36.2037
539	36.4469	36.1855
540	36.4228	36.1652
541	36.3988	36.1404
542	36.3749	36.1134
543	36.3510	36.0852
544	36.3271	36.0568
545	36.3030	36.0289
546	36.2789	36.0012
547	36.2548	35.9743
548	36.2307	35.9489
549	36.2067	35.9265
550	36.1828	35.9055
551	36.1588	35.8846
552	36.1349	35.8626
553	36.1109	35.8369
554	36.0869	35.8100
555	36.0628	35.7832
556	36.0388	35.7578
557	36.0148	35.7356
558	35.9908	35.7149
559	35.9668	35.6948
560	35.9428	35.6745
561	35.9188	35.6529
562	35.8948	35.6310
563	35.8708	35.6088
564	35.8469	35.5864
565	35.8230	35.5637
566	35.7991	35.5408
567	35.7752	35.5179
568	35.7513	35.4954
569	35.7273	35.4735
570	35.7032	35.4520
571	35.6791	35.4305
572	35.6550	35.4090
573	35.6309	35.3881
574	35.6067	35.3669
575	35.5826	35.3447
576	35.5585	35.3208
577	35.5344	35.2933
578	35.5104	35.2642
579	35.4865	35.2350
580	35.4625	35.2074
581	35.4386	35.1845
582	35.4147	35.1631
583	35.3908	35.1416
584	35.3669	35.1184
585	35.3429	35.0911
586	35.3189	35.0620
587	35.2948	35.0322
588	35.2708	35.0028
589	35.2468	34.9743
590	35.2229	34.9465
591	35.1989	34.9199
592	35.1749	34.8952
593	35.1508	34.8736
594	35.1266	34.8536
595	35.1023	34.8340
596	35.0781	34.8134
597	35.0539	34.7900
598	35.0298	34.7654
599	35.0056	34.7402
600	34.9814	34.7148
601	34.9571	34.6894
602	34.9329	34.6641
603	34.9086	34.6393
604	34.8844	34.6154
605	34.8603	34.5926
606	34.8363	34.5709
607	34.8123	34.5501
608	34.7883	34.5301
609	34.7642	34.5126
610	34.7400	34.4955
611	34.7159	34.4769
612	34.6917	34.4551
613	34.6676	34.4269
614	34.6434	34.3954
615	34.6193	34.3628
616	34.5952	34.3312
617	34.5711	34.3029
618	34.5470	34.2760
619	34.5229	34.2506
620	34.4988	34.2266
621	34.4746	34.2043
622	34.4503	34.1832
623	34.4261	34.1624
624	34.4019	34.1411
625	34.3778	34.1175
626	34.3537	34.0933
627	34.3297	34.0690
628	34.3057	34.0452
629	34.2818	34.0230
630	34.2578	34.0014
631	34.2338	33.9799
632	34.2095	33.9581
633	34.1850	33.9361
634	34.1602	33.9137
635	34.1353	33.8904
636	34.1102	33.8658
637	34.0850	33.8393
638	34.0597	33.8116
639	34.0345	33.7835
640	34.0095	33.7558
641	33.9849	33.7288
642	33.9605	33.7025
643	33.9363	33.6769
644	33.9122	33.6525
645	33.8880	33.6304
646	33.8638	33.6093
647	33.8397	33.5880
648	33.8155	33.5651
649	33.7913	33.5384
650	33.7670	33.5102
651	33.7428	33.4818
652	33.7185	33.4546
653	33.6942	33.4313
654	33.6700	33.4092
655	33.6457	33.3869
656	33.6214	33.3632
657	33.5970	33.3345
658	33.5727	33.3046
659	33.5484	33.2755
660	33.5241	33.2493
661	33.5000	33.2307
662	33.4760	33.2148
663	33.4520	33.1989
664	33.4279	33.1801
665	33.4037	33.1541
666	33.3795	33.1249
667	33.3552	33.0945
668	33.3310	33.0645
669	33.3068	33.0371
670	33.2826	33.0107
671	33.2585	32.9851
672	33.2343	32.9605
673	33.2101	32.9373
674	33.1859	32.9149
675	33.1617	32.8926
676	33.1375	32.8695
677	33.1134	32.8446
678	33.0893	32.8189
679	33.0652	32.7928
680	33.0411	32.7669
681	33.0169	32.7413
682	32.9927	32.7159
683	32.9684	32.6911
684	32.9442	32.6671
685	32.9200	32.6438
686	32.8958	32.6214
687	32.8716	32.5997
688	32.8474	32.5786
689	32.8233	32.5582
690	32.7992	32.5383
691	32.7751	32.5184
692	32.7510	32.4980
693	32.7269	32.4772
694	32.7029	32.4558
695	32.6788	32.4335
696	32.6547	32.4101
697	32.6305	32.3855
698	32.6063	32.3598
699	32.5820	32.3333
700	32.5578	32.3063
701	32.5336	32.2792
702	32.5095	32.2518
703	32.4853	32.2244
704	32.4611	32.1973
705	32.4369	32.1696
706	32.4126	32.1424
707	32.3884	32.1166
708	32.3642	32.0930
709	32.3401	32.0744
710	32.3159	32.0577
711	32.2918	32.0406
712	32.2677	32.0207
713	32.2436	31.9937
714	32.2194	31.9639
715	32.1952	31.9337
716	32.1710	31.9054
717	32.1467	31.8822
718	32.1224	31.8611
719	32.0981	31.8412
720	32.0737	31.8214
721	32.0493	31.8007
722	32.0249	31.7799
723	32.0005	31.7586
724	31.9761	31.7364
725	31.9518	31.7131
726	31.9276	31.6889
727	31.9033	31.6640
728	31.8790	31.6387
729	31.8545	31.6131
730	31.8299	31.5870
731	31.8053	31.5610
732	31.7808	31.5353
733	31.7566	31.5106
734	31.7325	31.4862
735	31.7084	31.4618
736	31.6843	31.4370
737	31.6600	31.4110
738	31.6356	31.3847
739	31.6111	31.3586
740	31.5867	31.3331
741	31.5623	31.3083
742	31.5380	31.2843
743	31.5137	31.2611
744	31.4894	31.2389
745	31.4652	31.2192
746	31.4410	31.2002
747	31.4167	31.1802
748	31.3924	31.1576
749	31.3679	31.1288
750	31.3433	31.0975
751	31.3188	31.0662
752	31.2943	31.0373
753	31.2700	31.0148
754	31.2457	30.9948
755	31.2215	30.9757
756	31.1973	30.9556
757	31.1732	30.9319
758	31.1490	30.9071
759	31.1248	30.8819
760	31.1003	30.8573
761	31.0756	30.8345
762	31.0506	30.8123
763	31.0254	30.7901
764	31.0001	30.7675
765	30.9746	30.7443
766	30.9489	30.7205
767	30.9234	30.6961
768	30.8981	30.6710
769	30.8734	30.6447
770	30.8489	30.6179
771	30.8246	30.5910
772	30.8004	30.5647
773	30.7760	30.5402
774	30.7517	30.5163
775	30.7274	30.4924
776	30.7030	30.4679
777	30.6786	30.4423
778	30.6542	30.4159
779	30.6298	30.3889
780	30.6054	30.3612
781	30.5810	30.3315
782	30.5566	30.3014
783	30.5322	30.2726
784	30.5078	30.2464
785	30.4834	30.2254
786	30.4589	30.2070
787	30.4345	30.1896
788	30.4101	30.1716
789	30.3858	30.1517
790	30.3615	30.1307
791	30.3372	30.1081
792	30.3129	30.0835
793	30.2885	30.0556
794	30.2642	30.0258
795	30.2398	29.9958
796	30.2155	29.9669
797	30.1912	29.9411
798	30.1670	29.9168
799	30.1428	29.8934
800	30.1185	29.8705
801	30.0942	29.8480
802	30.0698	29.8256
803	30.0454	29.8029
804	30.0211	29.7790
805	29.9968	29.7521
806	29.9726	29.7243
807	29.9484	29.6967
808	29.9241	29.6706
809	29.8998	29.6488
810	29.8755	29.6286
811	29.8511	29.6082
812	29.8268	29.5861
813	29.8025	29.5596
814	29.7782	29.5314
815	29.7540	29.5028
816	29.7298	29.4750
817	29.7056	29.4491
818	29.6815	29.4244
819	29.6573	29.4010
820	29.6332	29.3789
821	29.6090	29.3591
822	29.5848	29.3405
823	29.5606	29.3217
824	29.5364	29.3016
825	29.5122	29.2778
826	29.4880	29.2525
827	29.4638	29.2271
828	29.4395	29.2028
829	29.4152	29.1822
830	29.3909	29.1626
831	29.3666	29.1427
832	29.3423	29.1211
833	29.3180	29.0951
834	29.2938	29.0675
835	29.2695	29.0399
836	29.2453	29.0139
837	29.2211	28.9923
838	29.1968	28.9724
839	29.1726	28.9528
840	29.1484	28.9322
841	29.1243	28.9093
842	29.1001	28.8853
843	29.0760	28.8602
844	29.0518	28.8342
845	29.0275	28.8066
846	29.0032	28.7784
847	28.9788	28.7507
848	28.9544	28.7246
849	28.9299	28.7027
850	28.9054	28.6823
851	28.8809	28.6620
852	28.8565	28.6402
853	28.8322	28.6138
854	28.8080	28.5859
855	28.7837	28.5580
856	28.7594	28.5317
857	28.7349	28.5095
858	28.7103	28.4889
859	28.6857	28.4689
860	28.6612	28.4483
861	28.6369	28.4263
862	28.6127	28.4034
863	28.5885	28.3795
864	28.5643	28.3543
865	28.5400	28.3267
866	28.5157	28.2981
867	28.4913	28.2696
868	28.4670	28.2427
869	28.4426	28.2199
870	28.4183	28.1985
871	28.3939	28.1771
872	28.3696	28.1544
873	28.3453	28.1269
874	28.3210	28.0981
875	28.2967	28.0698
876	28.2724	28.0436
877	28.2479	28.0235
878	28.2234	28.0055
879	28.1989	27.9874
880	28.1745	27.9670
881	28.1502	27.9407
882	28.1260	27.9120
883	28.1018	27.8825
884	28.0776	27.8537
885	28.0534	27.8274
886	28.0292	27.8021
887	28.0049	27.7780
888	27.9804	27.7549
889	27.9557	27.7333
890	27.9308	27.7126
891	27.9057	27.6919
892	27.8805	27.6703
893	27.8550	27.6472
894	27.8294	27.6231
895	27.8039	27.5979
896	27.7787	27.5718
897	27.7541	27.5449
898	27.7299	27.5171
899	27.7059	27.4888
900	27.6819	27.4604
901	27.6578	27.4314
902	27.6337	27.4024
903	27.6097	27.3744
904	27.5856	27.3480
905	27.5615	27.3245
906	27.5373	27.3026
907	27.5131	27.2814
908	27.4890	27.2600
909	27.4649	27.2368
910	27.4408	27.2132
911	27.4167	27.1895
912	27.3926	27.1662
913	27.3684	27.1444
914	27.3442	27.1227
915	27.3201	27.1006
916	27.2959	27.0772
917	27.2718	27.0509
918	27.2478	27.0234
919	27.2237	26.9959
920	27.1997	26.9694
921	27.1756	26.9455
922	27.1515	26.9227
923	27.1275	26.9007
924	27.1034	26.8789
925	27.0794	26.8567
926	27.0554	26.8346
927	27.0314	26.8124
928	27.0074	26.7901
929	26.9832	26.7679
930	26.9590	26.7454
931	26.9348	26.7224
932	26.9107	26.6984
933	26.8867	26.6735
934	26.8629	26.6477
935	26.8390	26.6212
936	26.8151	26.5940
937	26.7911	26.5653
938	26.7670	26.5363
939	26.7430	26.5081
940	26.7189	26.4819
941	26.6948	26.4590
942	26.6708	26.4382
943	26.6467	26.4184
944	26.6227	26.3989
945	26.5987	26.3788
946	26.5747	26.3586
947	26.5508	26.3379
948	26.5269	26.3163
949	26.5030	26.2932
950	26.4792	26.2692
951	26.4553	26.2446
952	26.4314	26.2201
953	26.4075	26.1970
954	26.3835	26.1738
955	26.3595	26.1500
956	26.3354	26.1248
957	26.3113	26.0965
958	26.2871	26.0670
959	26.2630	26.0378
960	26.2388	26.0102
961	26.2146	25.9861
962	26.1905	25.9638
963	26.1664	25.9426
964	26.1423	25.9217
965	26.1183	25.9013
966	26.0945	25.8809
967	26.0706	25.8595
968	26.0467	25.8361
969	26.0228	25.8087
970	25.9988	25.7794
971	25.9748	25.7498
972	25.9508	25.7214
973	25.9268	25.6960
974	25.9027	25.6721
975	25.8786	25.6494
976	25.8545	25.6276
977	25.8303	25.6067
978	25.8060	25.5865
979	25.7817	25.5661
980	25.7575	25.5446
981	25.7334	25.5202
982	25.7093	25.4948
983	25.6852	25.4694
984	25.6611	25.4452
985	25.6368	25.4241
986	25.6125	25.4042
987	25.5881	25.3845
988	25.5639	25.3640
989	25.5399	25.3419
990	25.5160	25.3189
991	25.4921	25.2948
992	25.4681	25.2697
993	25.4440	25.2428
994	25.4198	25.2151
995	25.3955	25.1875
996	25.3713	25.1612
997	25.3471	25.1380
998	25.3229	25.1160
999	25.2987	25.0944
1000	25.2746	25.0722
1001	25.2506	25.0475
1002	25.2265	25.0222
1003	25.2025	24.9971
1004	25.1784	24.9729
1005	25.1541	24.9514
1006	25.1298	24.9309
1007	25.1055	24.9103
1008	25.0812	24.8888
1009	25.0571	24.8644
1010	25.0330	24.8390
1011	25.0089	24.8135
1012	24.9849	24.7889
1013	24.9610	24.7665
1014	24.9371	24.7450
1015	24.9130	24.7239
1016	24.8888	24.7029
1017	24.8643	24.6821
1018	24.8395	24.6611
1019	24.8146	24.6391
1020	24.7895	24.6155
1021	24.7642	24.5896
1022	24.7389	24.5620
1023	24.7136	24.5335
1024	24.6887	24.5047
1025	24.6643	24.4758
1026	24.6403	24.4469
1027	24.6165	24.4187
1028	24.5927	24.3919
1029	24.5688	24.3675
1030	24.5448	24.3445
1031	24.5209	24.3223
1032	24.4970	24.3002
1033	24.4731	24.2781
1034	24.4492	24.2558
1035	24.4253	24.2326
1036	24.4014	24.2080
1037	24.3774	24.1798
1038	24.3533	24.1502
1039	24.3293	24.1211
1040	24.3052	24.0939
1041	24.2812	24.0715
1042	24.2572	24.0511
1043	24.2332	24.0315
1044	24.2093	24.0113
1045	24.1855	23.9882
1046	24.1617	23.9643
1047	24.1379	23.9403
1048	24.1141	23.9166
1049	24.0902	23.8954
1050	24.0662	23.8745
1051	24.0422	23.8528
1052	24.0182	23.8290
1053	23.9943	23.8001
1054	23.9705	23.7694
1055	23.9466	23.7390
1056	23.9228	23.7112
1057	23.8989	23.6896
1058	23.8750	23.6706
1059	23.8511	23.6525
1060	23.8272	23.6336
1061	23.8034	23.6123
1062	23.7796	23.5898
1063	23.7558	23.5658
1064	23.7320	23.5401
1065	23.7082	23.5109
1066	23.6843	23.4803
1067	23.6604	23.4506
1068	23.6365	23.4236
1069	23.6125	23.4029
1070	23.5885	23.3850
1071	23.5646	23.3681
1072	23.5407	23.3502
1073	23.5169	23.3294
1074	23.4933	23.3072
1075	23.4696	23.2837
1076	23.4459	23.2587
1077	23.4221	23.2312
1078	23.3983	23.2026
1079	23.3745	23.1744
1080	23.3507	23.1481
1081	23.3269	23.1274
1082	23.3031	23.1086
1083	23.2792	23.0893
1084	23.2553	23.0673
1085	23.2313	23.0382
1086	23.2073	23.0065
1087	23.1833	22.9746
1088	23.1593	22.9449
1089	23.1354	22.9206
1090	23.1115	22.8987
1091	23.0877	22.8784
1092	23.0639	22.8585
1093	23.0401	22.8391
1094	23.0163	22.8197
1095	22.9926	22.7991
1096	22.9688	22.7760
1097	22.9450	22.7474
1098	22.9212	22.7164
1099	22.8974	22.6854
1100	22.8736	22.6567
1101	22.8497	22.6335
1102	22.8258	22.6127
1103	22.8019	22.5930
1104	22.7779	22.5732
1105	22.7538	22.5511
1106	22.7297	22.5287
1107	22.7056	22.5063
1108	22.6815	22.4841
1109	22.6576	22.4631
1110	22.6337	22.4423
1111	22.6098	22.4213
1112	22.5859	22.3996
1113	22.5618	22.3775
1114	22.5376	22.3546
1115	22.5135	22.3305
1116	22.4894	22.3049
1117	22.4655	22.2763
1118	22.4417	22.2464
1119	22.4179	22.2166
1120	22.3941	22.1886
1121	22.3701	22.1643
1122	22.3462	22.1418
1123	22.3221	22.1204
1124	22.2981	22.0991
1125	22.2741	22.0780
1126	22.2501	22.0567
1127	22.2261	22.0343
1128	22.2021	22.0098
1129	22.1782	21.9809
1130	22.1543	21.9502
1131	22.1304	21.9192
1132	22.1064	21.8899
1133	22.0823	21.8644
1134	22.0583	21.8408
1135	22.0342	21.8184
1136	22.0101	21.7965
1137	21.9861	21.7744
1138	21.9622	21.7526
1139	21.9383	21.7306
1140	21.9144	21.7080
1141	21.8906	21.6843
1142	21.8667	21.6600
1143	21.8428	21.6353
1144	21.8187	21.6106
1145	21.7944	21.5861
1146	21.7699	21.5615
1147	21.7452	21.5371
1148	21.7204	21.5128
1149	21.6954	21.4890
1150	21.6703	21.4653
1151	21.6452	21.4417
1152	21.6204	21.4178
1153	21.5960	21.3936
1154	21.5719	21.3692
1155	21.5479	21.3445
1156	21.5239	21.3194
1157	21.4998	21.2936
1158	21.4758	21.2675
1159	21.4517	21.2415
1160	21.4277	21.2162
1161	21.4037	21.1917
1162	21.3796	21.1679
1163	21.3556	21.1447
1164	21.3315	21.1221
1165	21.3074	21.1004
1166	21.2832	21.0792
1167	21.2591	21.0578
1168	21.2349	21.0358
1169	21.2108	21.0126
1170	21.1867	20.9886
1171	21.1626	20.9640
1172	21.1385	20.9389
1173	21.1145	20.9129
1174	21.0904	20.8866
1175	21.0664	20.8606
1176	21.0424	20.8356
1177	21.0183	20.8127
1178	20.9943	20.7907
1179	20.9702	20.7690
1180	20.9462	20.7468
1181	20.9223	20.7229
1182	20.8984	20.6984
1183	20.8745	20.6740
1184	20.8505	20.6501
1185	20.8264	20.6280
1186	20.8023	20.6063
1187	20.7782	20.5844
1188	20.7541	20.5614
1189	20.7302	20.5366
1190	20.7063	20.5107
1191	20.6825	20.4841
1192	20.6586	20.4572
1193	20.6346	20.4301
1194	20.6105	20.4028
1195	20.5865	20.3759
1196	20.5624	20.3497
1197	20.5383	20.3243
1198	20.5143	20.2998
1199	20.4903	20.2763
1200	20.4665	20.2539
1201	20.4430	20.2327
1202	20.4196	20.2126
1203	20.3962	20.1927
1204	20.3727	20.1728
1205	20.3490	20.1524
1206	20.3251	20.1317
1207	20.3012	20.1102
1208	20.2772	20.0874
1209	20.2532	20.0630
1210	20.2292	20.0373
1211	20.2051	20.0111
1212	20.1811	19.9848
1213	20.1570	19.9599
1214	20.1329	19.9350
1215	20.1089	19.9096
1216	20.0848	19.8832
1217	20.0608	19.8546
1218	20.0369	19.8251
1219	20.0129	19.7956
1220	19.9889	19.7670
1221	19.9650	19.7401
1222	19.9410	19.7143
1223	19.9170	19.6896
1224	19.8931	19.6659
1225	19.8692	19.6432
1226	19.8453	19.6213
1227	19.8214	19.5998
1228	19.7975	19.5779
1229	19.7736	19.5546
1230	19.7495	19.5309
1231	19.7255	19.5072
1232	19.7014	19.4841
1233	19.6771	19.4627
1234	19.6528	19.4417
1235	19.6285	19.4205
1236	19.6043	19.3984
1237	19.5803	19.3745
1238	19.5564	19.3497
1239	19.5324	19.3245
1240	19.5084	19.2996
1241	19.4841	19.2753
1242	19.4597	19.2514
1243	19.4353	19.2278
1244	19.4110	19.2047
1245	19.3870	19.1828
1246	19.3630	19.1613
1247	19.3391	19.1392
1248	19.3152	19.1157
1249	19.2912	19.0899
1250	19.2671	19.0626
1251	19.2430	19.0345
1252	19.2189	19.0059
1253	19.1948	18.9768
1254	19.1707	18.9475
1255	19.1466	18.9190
1256	19.1226	18.8921
1257	19.0986	18.8673
1258	19.0746	18.8441
1259	19.0506	18.8224
1260	19.0265	18.8017
1261	19.0022	18.7819
1262	18.9780	18.7630
1263	18.9537	18.7444
1264	18.9294	18.7255
1265	18.9053	18.7062
1266	18.8813	18.6865
1267	18.8573	18.6659
1268	18.8333	18.6444
1269	18.8094	18.6217
1270	18.7854	18.5979
1271	18.7614	18.5733
1272	18.7371	18.5481
1273	18.7126	18.5226
1274	18.6879	18.4967
1275	18.6630	18.4707
1276	18.6381	18.4449
1277	18.6129	18.4194
1278	18.5877	18.3943
1279	18.5626	18.3696
1280	18.5377	18.3456
1281	18.5133	18.3236
1282	18.4891	18.3020
1283	18.4652	18.2796
1284	18.4412	18.2551
1285	18.4171	18.2251
1286	18.3931	18.1933
1287	18.3691	18.1618
1288	18.3450	18.1330
1289	18.3210	18.1106
1290	18.2969	18.0909
1291	18.2728	18.0722
1292	18.2487	18.0526
1293	18.2247	18.0295
1294	18.2006	18.0053
1295	18.1765	17.9804
1296	18.1524	17.9555
1297	18.1282	17.9314
1298	18.1041	17.9072
1299	18.0799	17.8831
1300	18.0558	17.8588
1301	18.0318	17.8343
1302	18.0078	17.8097
1303	17.9838	17.7851
1304	17.9598	17.7605
1305	17.9357	17.7359
1306	17.9115	17.7114
1307	17.8874	17.6872
1308	17.8633	17.6635
1309	17.8393	17.6411
1310	17.8154	17.6191
1311	17.7915	17.5967
1312	17.7676	17.5731
1313	17.7435	17.5461
1314	17.7194	17.5181
1315	17.6954	17.4905
1316	17.6713	17.4647
1317	17.6474	17.4429
1318	17.6235	17.4231
1319	17.5996	17.4040
1320	17.5758	17.3846
1321	17.5518	17.3640
1322	17.5278	17.3428
1323	17.5037	17.3203
1324	17.4797	17.2962
1325	17.4556	17.2693
1326	17.4315	17.2408
1327	17.4075	17.2120
1328	17.3835	17.1842
1329	17.3595	17.1587
1330	17.3356	17.1343
1331	17.3117	17.1106
1332	17.2878	17.0873
1333	17.2640	17.0638
1334	17.2401	17.0406
1335	17.2163	17.0176
1336	17.1924	16.9947
1337	17.1684	16.9726
1338	17.1444	16.9505
1339	17.1203	16.9275
1340	17.0963	16.9030
1341	17.0722	16.8749
1342	17.0481	16.8454
1343	17.0240	16.8160
1344	16.9999	16.7882
1345	16.9759	16.7637
1346	16.9519	16.7409
1347	16.9279	16.7192
1348	16.9039	16.6980
1349	16.8800	16.6760
1350	16.8561	16.6544
1351	16.8322	16.6330
1352	16.8083	16.6120
1353	16.7845	16.5919
1354	16.7606	16.5720
1355	16.7367	16.5518
1356	16.7127	16.5306
1357	16.6887	16.5081
1358	16.6647	16.4847
1359	16.6406	16.4604
1360	16.6164	16.4356
1361	16.5922	16.4096
1362	16.5680	16.3833
1363	16.5438	16.3575
1364	16.5196	16.3332
1365	16.4955	16.3121
1366	16.4715	16.2923
1367	16.4475	16.2728
1368	16.4234	16.2522
1369	16.3992	16.2290
1370	16.3749	16.2046
1371	16.3506	16.1796
1372	16.3263	16.1545
1373	16.3023	16.1300
1374	16.2783	16.1055
1375	16.2544	16.0812
1376	16.2304	16.0569
1377	16.2063	16.0324
1378	16.1821	16.0081
1379	16.1580	15.9843
1380	16.1338	15.9614
1381	16.1097	15.9411
1382	16.0857	15.9214
1383	16.0616	15.9011
1384	16.0375	15.8786
1385	16.0135	15.8516
1386	15.9894	15.8225
1387	15.9654	15.7929
1388	15.9412	15.7644
1389	15.9170	15.7389
1390	15.8928	15.7146
1391	15.8686	15.6911
1392	15.8444	15.6679
1393	15.8203	15.6437
1394	15.7963	15.6199
1395	15.7723	15.5964
1396	15.7483	15.5738
1397	15.7244	15.5527
1398	15.7005	15.5323
1399	15.6765	15.5117
1400	15.6523	15.4902
1401	15.6277	15.4674
1402	15.6029	15.4435
1403	15.5780	15.4186
1404	15.5529	15.3925
1405	15.5278	15.3645
1406	15.5027	15.3356
1407	15.4776	15.3069
1408	15.4527	15.2796
1409	15.4281	15.2552
1410	15.4037	15.2323
1411	15.3795	15.2102
1412	15.3553	15.1883
1413	15.3310	15.1663
1414	15.3067	15.1442
1415	15.2824	15.1216
1416	15.2582	15.0981
1417	15.2339	15.0734
1418	15.2096	15.0477
1419	15.1853	15.0209
1420	15.1610	14.9930
1421	15.1367	14.9626
1422	15.1124	14.9315
1423	15.0882	14.9012
1424	15.0639	14.8736
1425	15.0395	14.8514
1426	15.0152	14.8316
1427	14.9909	14.8127
1428	14.9665	14.7926
1429	14.9423	14.7682
1430	14.9181	14.7426
1431	14.8939	14.7169
1432	14.8696	14.6922
1433	14.8453	14.6710
1434	14.8210	14.6508
1435	14.7967	14.6302
1436	14.7724	14.6079
1437	14.7483	14.5810
1438	14.7242	14.5524
1439	14.7002	14.5239
1440	14.6760	14.4970
1441	14.6517	14.4756
1442	14.6274	14.4559
1443	14.6030	14.4356
1444	14.5787	14.4127
1445	14.5546	14.3831
1446	14.5305	14.3510
1447	14.5063	14.3184
1448	14.4822	14.2878
1449	14.4580	14.2621
1450	14.4337	14.2385
1451	14.4094	14.2161
1452	14.3851	14.1939
1453	14.3608	14.1699
1454	14.3366	14.1460
1455	14.3123	14.1224
1456	14.2881	14.0993
1457	14.2640	14.0784
1458	14.2400	14.0578
1459	14.2160	14.0365
1460	14.1920	14.0130
1461	14.1679	13.9845
1462	14.1438	13.9541
1463	14.1197	13.9239
1464	14.0955	13.8958
1465	14.0713	13.8733
1466	14.0471	13.8531
1467	14.0228	13.8337
1468	13.9986	13.8133
1469	13.9743	13.7890
1470	13.9500	13.7637
1471	13.9257	13.7386
1472	13.9015	13.7148
1473	13.8772	13.6952
1474	13.8529	13.6768
1475	13.8287	13.6579
1476	13.8045	13.6366
1477	13.7803	13.6108
1478	13.7562	13.5826
1479	13.7321	13.5530
1480	13.7080	13.5231
1481	13.6839	13.4940
1482	13.6598	13.4648
1483	13.6357	13.4362
1484	13.6116	13.4085
1485	13.5873	13.3819
1486	13.5630	13.3563
1487	13.5387	13.3317
1488	13.5144	13.3081
1489	13.4900	13.2857
1490	13.4655	13.2642
1491	13.4411	13.2426
1492	13.4167	13.2201
1493	13.3924	13.1959
1494	13.3682	13.1708
1495	13.3440	13.1450
1496	13.3197	13.1190
1497	13.2952	13.0925
1498	13.2707	13.0659
1499	13.2462	13.0398
1500	13.2217	13.0149
1501	13.1975	12.9922
1502	13.1733	12.9707
1503	13.1492	12.9497
1504	13.1250	12.9285
1505	13.1007	12.9071
1506	13.0764	12.8853
1507	13.0520	12.8624
1508	13.0276	12.8376
1509	13.0033	12.8087
1510	12.9789	12.7783
1511	12.9547	12.7484
1512	12.9304	12.7210
1513	12.9061	12.6990
1514	12.8819	12.6797
1515	12.8576	12.6616
1516	12.8333	12.6434
1517	12.8087	12.6233
1518	12.7842	12.6028
1519	12.7596	12.5817
1520	12.7352	12.5600
1521	12.7109	12.5383
1522	12.6867	12.5159
1523	12.6625	12.4924
1524	12.6384	12.4677
1525	12.6143	12.4410
1526	12.5902	12.4132
1527	12.5659	12.3849
1528	12.5414	12.3571
1529	12.5167	12.3307
1530	12.4918	12.3048
1531	12.4667	12.2795
1532	12.4415	12.2545
1533	12.4162	12.2298
1534	12.3908	12.2054
1535	12.3654	12.1813
1536	12.3404	12.1574
1537	12.3158	12.1335
1538	12.2915	12.1098
1539	12.2673	12.0859
1540	12.2432	12.0616
1541	12.2190	12.0368
1542	12.1948	12.0117
1543	12.1706	11.9862
1544	12.1464	11.9603
1545	12.1222	11.9339
1546	12.0979	11.9072
1547	12.0737	11.8808
1548	12.0494	11.8552
1549	12.0252	11.8307
1550	12.0009	11.8070
1551	11.9766	11.7839
1552	11.9524	11.7612
1553	11.9281	11.7381
1554	11.9038	11.7154
1555	11.8795	11.6932
1556	11.8553	11.6718
1557	11.8311	11.6528
1558	11.8070	11.6343
1559	11.7828	11.6149
1560	11.7586	11.5929
1561	11.7344	11.5661
1562	11.7100	11.5369
1563	11.6857	11.5069
1564	11.6615	11.4777
1565	11.6373	11.4508
1566	11.6132	11.4251
1567	11.5891	11.4008
1568	11.5650	11.3781
1569	11.5408	11.3579
1570	11.5165	11.3390
1571	11.4922	11.3200
1572	11.4680	11.2995
1573	11.4439	11.2756
1574	11.4198	11.2500
1575	11.3958	11.2236
1576	11.3717	11.1973
1577	11.3476	11.1720
1578	11.3234	11.1469
1579	11.2992	11.1220
1580	11.2750	11.0973
1581	11.2508	11.0736
1582	11.2266	11.0500
1583	11.2024	11.0256
1584	11.1782	10.9999
1585	11.1541	10.9706
1586	11.1300	10.9401
1587	11.1060	10.9099
1588	11.0819	10.8819
1589	11.0580	10.8577
1590	11.0340	10.8358
1591	11.0100	10.8153
1592	10.9859	10.7953
1593	10.9618	10.7761
1594	10.9376	10.7570
1595	10.9134	10.7368
1596	10.8891	10.7142
1597	10.8649	10.6868
1598	10.8406	10.6570
1599	10.8164	10.6266
1600	10.7922	10.5972
1601	10.7679	10.5713
1602	10.7437	10.5467
1603	10.7195	10.5227
1604	10.6954	10.4986
1605	10.6713	10.4725
1606	10.6473	10.4463
1607	10.6233	10.4208
1608	10.5992	10.3967
1609	10.5752	10.3750
1610	10.5511	10.3547
1611	10.5269	10.3351
1612	10.5028	10.3153
1613	10.4786	10.2952
1614	10.4543	10.2747
1615	10.4301	10.2532
1616	10.4058	10.2301
1617	10.3815	10.2035
1618	10.3572	10.1754
1619	10.3329	10.1477
1620	10.3086	10.1220
1621	10.2844	10.1012
1622	10.2602	10.0824
1623	10.2360	10.0642
1624	10.2117	10.0449
1625	10.1873	10.0236
1626	10.1627	10.0009
1627	10.1382	9.97663
1628	10.1138	9.95047
1629	10.0896	9.92077
1630	10.0655	9.88956
1631	10.0414	9.85880
1632	10.0173	9.83048
1633	9.99301	9.80753
1634	9.96868	9.78713
1635	9.94433	9.76782
1636	9.92000	9.74819
1637	9.89574	9.72689
1638	9.87151	9.70490
1639	9.84729	9.68193
1640	9.82307	9.65765
1641	9.79887	9.63169
1642	9.77466	9.60449
1643	9.75043	9.57670
1644	9.72616	9.54894
1645	9.70178	9.52184
1646	9.67736	9.49495
1647	9.65294	9.46843
1648	9.62858	9.44246
1649	9.60433	9.41676
1650	9.58015	9.39167
1651	9.55599	9.36731
1652	9.53185	9.34380
1653	9.50780	9.32160
1654	9.48374	9.30014
1655	9.45956	9.27875
1656	9.43517	9.25675
1657	9.41049	9.23380
1658	9.38559	9.21009
1659	9.36053	9.18550
1660	9.33537	9.15990
1661	9.31005	9.13212
1662	9.28467	9.10357
1663	9.25940	9.07553
1664	9.23438	9.04928
1665	9.20981	9.02700
1666	9.18550	9.00652
1667	9.16135	8.98659
1668	9.13726	8.96597
1669	9.11306	8.94328
1670	9.08889	8.91968
1671	9.06472	8.89526
1672	9.04054	8.87013
1673	9.01633	8.84353
1674	8.99210	8.81646
1675	8.96786	8.78997
1676	8.94361	8.76512
1677	8.91934	8.74402
1678	8.89507	8.72451
1679	8.87078	8.70522
1680	8.84651	8.68481
1681	8.82224	8.66147
1682	8.79797	8.63684
1683	8.77373	8.61146
1684	8.74951	8.58586
1685	8.72536	8.56136
1686	8.70123	8.53668
1687	8.67709	8.51149
1688	8.65293	8.48544
1689	8.62867	8.45704
1690	8.60437	8.42797
1691	8.58008	8.39946
1692	8.55584	8.37274
1693	8.53171	8.35046
1694	8.50762	8.32988
1695	8.48353	8.30937
1696	8.45942	8.28726
1697	8.43519	8.25977
1698	8.41094	8.23076
1699	8.38669	8.20221
1700	8.36250	8.17612
1701	8.33844	8.15671
1702	8.31442	8.13967
1703	8.29041	8.12259
1704	8.26636	8.10304
1705	8.24219	8.07796
1706	8.21798	8.05016
1707	8.19376	8.02071
1708	8.16955	7.99070
1709	8.14539	7.96041
1710	8.12126	7.93001
1711	8.09715	7.90073
1712	8.07307	7.87376
1713	8.04901	7.85058
1714	8.02496	7.82975
1715	8.00093	7.81023
1716	7.97689	7.79097
1717	7.95285	7.77167
1718	7.92880	7.75223
1719	7.90474	7.73164
1720	7.88065	7.70890
1721	7.85655	7.68155
1722	7.83242	7.65225
1723	7.80826	7.62294
1724	7.78407	7.59556
1725	7.75983	7.57374
1726	7.73557	7.55389
1727	7.71130	7.53429
1728	7.68707	7.51320
1729	7.66289	7.48776
1730	7.63874	7.46070
1731	7.61462	7.43319
1732	7.59053	7.40637
1733	7.56647	7.38173
1734	7.54242	7.35795
1735	7.51838	7.33473
1736	7.49432	7.31175
1737	7.47022	7.28860
1738	7.44610	7.26562
1739	7.42197	7.24269
1740	7.39781	7.21968
1741	7.37367	7.19666
1742	7.34951	7.17351
1743	7.32531	7.15010
1744	7.30108	7.12630
1745	7.27678	7.10226
1746	7.25244	7.07778
1747	7.22809	7.05281
1748	7.20376	7.02730
1749	7.17952	7.00034
1750	7.15531	6.97301
1751	7.13108	6.94622
1752	7.10680	6.92087
1753	7.08239	6.89908
1754	7.05794	6.87864
1755	7.03351	6.85815
1756	7.00914	6.83618
1757	6.98494	6.80967
1758	6.96080	6.78174
1759	6.93670	6.75402
1760	6.91256	6.72815
1761	6.88833	6.70732
1762	6.86407	6.68834
1763	6.83978	6.66949
1764	6.81550	6.64911
1765	6.79122	6.62475
1766	6.76695	6.59869
1767	6.74269	6.57181
1768	6.71845	6.54501
1769	6.69427	6.51961
1770	6.67010	6.49444
1771	6.64592	6.46937
1772	6.62169	6.44428
1773	6.59735	6.41838
1774	6.57297	6.39253
1775	6.54859	6.36720
1776	6.52426	6.34289
1777	6.50003	6.32056
1778	6.47585	6.29919
1779	6.45170	6.27802
1780	6.42756	6.25629
1781	6.40351	6.23274
1782	6.37944	6.20857
1783	6.35526	6.18424
1784	6.33087	6.16019
1785	6.30621	6.13819
1786	6.28134	6.11636
1787	6.25632	6.09369
1788	6.23120	6.06914
1789	6.20591	6.04000
1790	6.18058	6.00918
1791	6.15537	5.97866
1792	6.13045	5.95043
1793	6.10602	5.92767
1794	6.08188	5.90728
1795	6.05792	5.88771
1796	6.03401	5.86743
1797	6.00995	5.84502
1798	5.98592	5.82155
1799	5.96191	5.79685
1800	5.93792	5.77074
1801	5.91395	5.74150
1802	5.89000	5.71119
1803	5.86603	5.68168
1804	5.84204	5.65483
1805	5.81799	5.63378
1806	5.79392	5.61540
1807	5.76983	5.59787
1808	5.74575	5.57937
1809	5.72167	5.55817
1810	5.69759	5.53562
1811	5.67354	5.51163
1812	5.64954	5.48613
1813	5.62563	5.45790
1814	5.60175	5.42846
1815	5.57787	5.39942
1816	5.55395	5.37241
1817	5.52990	5.35079
1818	5.50579	5.33114
1819	5.48169	5.31152
1820	5.45763	5.29002
1821	5.43369	5.26331
1822	5.40979	5.23462
1823	5.38590	5.20546
1824	5.36198	5.17732
1825	5.33795	5.15186
1826	5.31390	5.12768
1827	5.28985	5.10455
1828	5.26584	5.08222
1829	5.24194	5.06111
1830	5.21808	5.04057
1831	5.19423	5.01964
1832	5.17035	4.99735
1833	5.14638	4.97158
1834	5.12239	4.94453
1835	5.09839	4.91748
1836	5.07440	4.89176
1837	5.05045	4.86966
1838	5.02652	4.84893
1839	5.00262	4.82849
1840	4.97874	4.80728
1841	4.95489	4.78371
1842	4.93106	4.75924
1843	4.90724	4.73436
1844	4.88342	4.70956
1845	4.85961	4.68479
1846	4.83579	4.66030
1847	4.81195	4.63657
1848	4.78808	4.61411
1849	4.76417	4.59536
1850	4.74022	4.57758
1851	4.71624	4.55876
1852	4.69225	4.53690
1853	4.66824	4.50847
1854	4.64422	4.47703
1855	4.62019	4.44475
1856	4.59618	4.41379
1857	4.57217	4.38671
1858	4.54818	4.36132
1859	4.52421	4.33725
1860	4.50028	4.31415
1861	4.47640	4.29192
1862	4.45254	4.27042
1863	4.42870	4.24885
1864	4.40484	4.22639
1865	4.38096	4.20221
1866	4.35706	4.17703
1867	4.33314	4.15112
1868	4.30920	4.12472
1869	4.28525	4.09793
1870	4.26127	4.07080
1871	4.23726	4.04378
1872	4.21322	4.01731
1873	4.18912	3.99143
1874	4.16500	3.96624
1875	4.14087	3.94189
1876	4.11678	3.91854
1877	4.09280	3.89693
1878	4.06886	3.87617
1879	4.04489	3.85537
1880	4.02086	3.83363
1881	3.99664	3.80925
1882	3.97235	3.78391
1883	3.94808	3.75845
1884	3.92391	3.73369
1885	3.89998	3.71151
1886	3.87614	3.69003
1887	3.85233	3.66831
1888	3.82846	3.64543
1889	3.80442	3.61931
1890	3.78033	3.59208
1891	3.75620	3.56500
1892	3.73209	3.53927
1893	3.70803	3.51669
1894	3.68399	3.49556
1895	3.65997	3.47511
1896	3.63596	3.45456
1897	3.61200	3.43300
1898	3.58805	3.41117
1899	3.56407	3.38903
1900	3.54004	3.36652
1901	3.51587	3.34393
1902	3.49164	3.32095
1903	3.46742	3.29747
1904	3.44325	3.27340
1905	3.41922	3.24826
1906	3.39525	3.22262
1907	3.37132	3.19707
1908	3.34740	3.17217
1909	3.32356	3.14886
1910	3.29971	3.12623
1911	3.27574	3.10384
1912	3.25158	3.08123
1913	3.22716	3.05794
1914	3.20253	3.03436
1915	3.17774	3.01046
1916	3.15286	2.98627
1917	3.12782	2.96172
1918	3.10272	2.93691
1919	3.07772	2.91202
1920	3.05296	2.88726
1921	3.02863	2.86294
1922	3.00456	2.83877
1923	2.98064	2.81463
1924	2.95677	2.79043
1925	2.93280	2.76592
1926	2.90885	2.74135
1927	2.88492	2.71683
1928	2.86098	2.69247
1929	2.83701	2.66825
1930	2.81303	2.64422
1931	2.78906	2.62046
1932	2.76508	2.59702
1933	2.74112	2.57500
1934	2.71715	2.55313
1935	2.69319	2.53046
1936	2.66923	2.50605
1937	2.64525	2.47713
1938	2.62128	2.44668
1939	2.59731	2.41674
1940	2.57335	2.38931
1941	2.54943	2.36775
1942	2.52552	2.34878
1943	2.50160	2.33065
1944	2.47767	2.31162
1945	2.45366	2.28980
1946	2.42964	2.26676
1947	2.40564	2.24259
1948	2.38169	2.21738
1949	2.35787	2.19084
1950	2.33410	2.16346
1951	2.31034	2.13610
1952	2.28653	2.10960
1953	2.26259	2.08466
1954	2.23860	2.06074
1955	2.21461	2.03777
1956	2.19067	2.01570
1957	2.16685	1.99496
1958	2.14307	1.97491
1959	2.11930	1.95469
1960	2.09549	1.93341
1961	2.07159	1.91071
1962	2.04766	1.88676
1963	2.02371	1.86145
1964	1.99978	1.83469
1965	1.97589	1.80581
1966	1.95202	1.77568
1967	1.92817	1.74546
1968	1.90435	1.71632
1969	1.88053	1.68977
1970	1.85675	1.66442
1971	1.83297	1.63975
1972	1.80921	1.61523
1973	1.78548	1.58948
1974	1.76175	1.56388
1975	1.73801	1.53885
1976	1.71423	1.51485
1977	1.69040	1.49330
1978	1.66652	1.47263
1979	1.64262	1.45168
1980	1.61869	1.42928
1981	1.59475	1.40347
1982	1.57080	1.37618
1983	1.54684	1.34846
1984	1.52289	1.32132
1985	1.49896	1.29513
1986	1.47505	1.26984
1987	1.45117	1.24596
1988	1.42732	1.22399
1989	1.40352	1.20568
1990	1.37976	1.18903
1991	1.35601	1.17226
1992	1.33225	1.15360
1993	1.30847	1.13031
1994	1.28467	1.10500
1995	1.26084	1.07887
1996	1.23697	1.05312
1997	1.21309	1.02902
1998	1.18917	1.00556
1999	1.16522	0.982798
2000	1.14122	0.960822
2001	1.11717	0.941076
2002	1.09309	0.921842
2003	1.06900	0.901685
2004	1.04496	0.879173
2005	1.02104	0.851676
2006	0.997151	0.821881
2007	0.973243	0.791511
2008	0.949263	0.762289
2009	0.925075	0.737412
2010	0.900822	0.713781
2011	0.876590	0.690158
2012	0.852464	0.665308
2013	0.828599	0.637121
2014	0.804841	0.607650
2015	0.781108	0.577846
2016	0.757317	0.548661
2017	0.733341	0.520520
2018	0.709299	0.493260
2019	0.685230	0.467237
2020	0.661174	0.442809
2021	0.637181	0.420447
2022	0.613209	0.399590
2023	0.589255	0.379432
2024	0.565317	0.359168
2025	0.541425	0.337582
2026	0.517542	0.315757
2027	0.493633	0.293836
2028	0.469662	0.271964
2029	0.445535	0.250712
2030	0.421354	0.229473
2031	0.397187	0.207934
2032	0.373103	0.185780
2033	0.349212	0.162758
2034	0.325407	0.139094
2035	0.301630	0.114967
2036	0.277826	0.0905570
2037	0.254029	0.0668394
2038	0.230179	0.0427912
2039	0.206206	0.0179959
2040	0.182038	-0.00796300
2041	0.157635	-0.0361626
2042	0.133033	-0.0654116
2043	0.108290	-0.0947229
2044	0.0834620	-0.123109
2045	0.0585408	-0.149859
2046	0.0335671	-0.175483
2047	0.00864968	-0.199965
2048	-0.0161030	-0.223287
2049	-0.0405544	-0.245261
2050	-0.0648344	-0.266218
2051	-0.0890181	-0.286878
2052	-0.113181	-0.307964
2053	-0.137443	-0.330032
2054	-0.161699	-0.352693
2055	-0.185946	-0.376060
2056	-0.210181	-0.400246
2057	-0.234392	-0.425727
2058	-0.258593	-0.451916
2059	-0.282797	-0.478146
2060	-0.307016	-0.503749
2061	-0.331265	-0.527585
2062	-0.355530	-0.550761
2063	-0.379806	-0.573771
2064	-0.404088	-0.597113
2065	-0.428387	-0.622140
2066	-0.452686	-0.647459
2067	-0.476968	-0.672382
2068	-0.501216	-0.696220
2069	-0.525394	-0.716956
2070	-0.549539	-0.736745
2071	-0.573677	-0.756971
2072	-0.597835	-0.779015
2073	-0.622074	-0.805399
2074	-0.646332	-0.833595
2075	-0.670578	-0.862185
2076	-0.694781	-0.889752
2077	-0.718876	-0.914692
2078	-0.742930	-0.938378
2079	-0.766984	-0.961078
2080	-0.791079	-0.983060
2081	-0.815300	-1.00462
2082	-0.839561	-1.02561
2083	-0.863819	-1.04642
2084	-0.888031	-1.06750
2085	-0.912123	-1.08902
2086	-0.936167	-1.11092
2087	-0.960197	-1.13335
2088	-0.984248	-1.15646
2089	-1.00836	-1.18051
2090	-1.03250	-1.20520
2091	-1.05667	-1.23018
2092	-1.08084	-1.25506
2093	-1.10503	-1.27914
2094	-1.12923	-1.30310
2095	-1.15341	-1.32714
2096	-1.17755	-1.35146
2097	-1.20162	-1.37713
2098	-1.22564	-1.40298
2099	-1.24964	-1.42825
2100	-1.27362	-1.45220
2101	-1.29758	-1.47245
2102	-1.32153	-1.49157
2103	-1.34552	-1.51127
2104	-1.36957	-1.53326
2105	-1.39373	-1.56104
2106	-1.41794	-1.59105
2107	-1.44220	-1.62121
2108	-1.46646	-1.64946
2109	-1.49069	-1.67206
2110	-1.51491	-1.69269
2111	-1.53913	-1.71301
2112	-1.56335	-1.73471
2113	-1.58759	-1.76028
2114	-1.61183	-1.78739
2115	-1.63604	-1.81520
2116	-1.66020	-1.84285
2117	-1.68429	-1.87055
2118	-1.70834	-1.89772
2119	-1.73237	-1.92339
2120	-1.75641	-1.94656
2121	-1.78046	-1.96510
2122	-1.80453	-1.98134
2123	-1.82863	-1.99716
2124	-1.85277	-2.01445
2125	-1.87693	-2.03578
2126	-1.90115	-2.05882
2127	-1.92541	-2.08283
2128	-1.94971	-2.10705
2129	-1.97409	-2.13052
2130	-1.99851	-2.15404
2131	-2.02292	-2.17745
2132	-2.04728	-2.20061
2133	-2.07147	-2.22325
2134	-2.09562	-2.24564
2135	-2.11977	-2.26797
2136	-2.14400	-2.29041
2137	-2.16845	-2.31251
2138	-2.19297	-2.33485
2139	-2.21748	-2.35791
2140	-2.24189	-2.38218
2141	-2.26607	-2.40805
2142	-2.29016	-2.43515
2143	-2.31421	-2.46304
2144	-2.33831	-2.49131
2145	-2.36254	-2.51961
2146	-2.38682	-2.54813
2147	-2.41113	-2.57651
2148	-2.43543	-2.60439
2149	-2.45970	-2.63192
2150	-2.48397	-2.65883
2151	-2.50822	-2.68488
2152	-2.53246	-2.70983
2153	-2.55665	-2.73406
2154	-2.58083	-2.75715
2155	-2.60504	-2.77912
2156	-2.62930	-2.80001
2157	-2.65370	-2.81953
2158	-2.67816	-2.83812
2159	-2.70259	-2.85659
2160	-2.72695	-2.87572
2161	-2.75113	-2.89625
2162	-2.77523	-2.91759
2163	-2.79929	-2.93968
2164	-2.82337	-2.96244
2165	-2.84741	-2.98624
2166	-2.87149	-3.01057
2167	-2.89569	-3.03471
2168	-2.92010	-3.05799
2169	-2.94478	-3.07778
2170	-2.96967	-3.09689
2171	-2.99472	-3.11707
2172	-3.01985	-3.14004
2173	-3.04514	-3.16895
2174	-3.07048	-3.20058
2175	-3.09569	-3.23290
2176	-3.12061	-3.26388
2177	-3.14504	-3.29168
2178	-3.16916	-3.31772
2179	-3.19311	-3.34195
2180	-3.21701	-3.36432
2181	-3.24104	-3.38357
2182	-3.26505	-3.40132
2183	-3.28905	-3.41946
2184	-3.31305	-3.43985
2185	-3.33708	-3.46548
2186	-3.36111	-3.49344
2187	-3.38516	-3.52225
2188	-3.40920	-3.55044
2189	-3.43324	-3.57557
2190	-3.45728	-3.59991
2191	-3.48132	-3.62409
2192	-3.50538	-3.64875
2193	-3.52947	-3.67579
2194	-3.55356	-3.70323
2195	-3.57764	-3.73004
2196	-3.60169	-3.75519
2197	-3.62566	-3.77643
2198	-3.64959	-3.79610
2199	-3.67352	-3.81570
2200	-3.69748	-3.83674
2201	-3.72153	-3.86118
2202	-3.74560	-3.88721
2203	-3.76967	-3.91419
2204	-3.79370	-3.94143
2205	-3.81764	-3.96904
2206	-3.84155	-3.99661
2207	-3.86545	-4.02321
2208	-3.88938	-4.04794
2209	-3.91340	-4.06948
2210	-3.93745	-4.08916
2211	-3.96150	-4.10799
2212	-3.98550	-4.12698
2213	-4.00940	-4.14771
2214	-4.03325	-4.16874
2215	-4.05710	-4.18984
2216	-4.08098	-4.21078
2217	-4.10494	-4.23022
2218	-4.12893	-4.24961
2219	-4.15294	-4.26982
2220	-4.17695	-4.29170
2221	-4.20095	-4.31597
2222	-4.22495	-4.34198
2223	-4.24892	-4.36923
2224	-4.27286	-4.39722
2225	-4.29675	-4.42603
2226	-4.32061	-4.45530
2227	-4.34444	-4.48403
2228	-4.36828	-4.51126
2229	-4.39212	-4.53585
2230	-4.41596	-4.55887
2231	-4.43982	-4.58095
2232	-4.46371	-4.60271
2233	-4.48763	-4.62424
2234	-4.51158	-4.64572
2235	-4.53556	-4.66793
2236	-4.55956	-4.69162
2237	-4.58358	-4.71893
2238	-4.60762	-4.74755
2239	-4.63167	-4.77587
2240	-4.65570	-4.80229
2241	-4.67973	-4.82390
2242	-4.70374	-4.84359
2243	-4.72773	-4.86290
2244	-4.75167	-4.88333
2245	-4.77555	-4.90732
2246	-4.79940	-4.93259
2247	-4.82323	-4.95827
2248	-4.84707	-4.98354
2249	-4.87093	-5.00728
2250	-4.89481	-5.03046
2251	-4.91872	-5.05328
2252	-4.94265	-5.07591
2253	-4.96660	-5.09832
2254	-4.99058	-5.12065
2255	-5.01460	-5.14321
2256	-5.03866	-5.16631
2257	-5.06280	-5.19098
2258	-5.08697	-5.21612
2259	-5.11114	-5.24098
2260	-5.13527	-5.26485
2261	-5.15925	-5.28607
2262	-5.18319	-5.30634
2263	-5.20715	-5.32668
2264	-5.23118	-5.34811
2265	-5.25542	-5.37242
2266	-5.27974	-5.39785
2267	-5.30405	-5.42351
2268	-5.32826	-5.44854
2269	-5.35224	-5.47050
2270	-5.37612	-5.49190
2271	-5.39999	-5.51401
2272	-5.42390	-5.53813
2273	-5.44798	-5.56720
2274	-5.47211	-5.59813
2275	-5.49627	-5.62896
2276	-5.52041	-5.65775
2277	-5.54450	-5.68177
2278	-5.56856	-5.70357
2279	-5.59260	-5.72423
2280	-5.61661	-5.74482
2281	-5.64056	-5.76585
2282	-5.66449	-5.78718
2283	-5.68845	-5.80962
2284	-5.71248	-5.83393
2285	-5.73669	-5.86224
2286	-5.76096	-5.89223
2287	-5.78524	-5.92214
2288	-5.80944	-5.95021
2289	-5.83347	-5.97453
2290	-5.85743	-5.99676
2291	-5.88135	-6.01748
2292	-5.90528	-6.03723
2293	-5.92915	-6.05541
2294	-5.95305	-6.07305
2295	-5.97707	-6.09171
2296	-6.00130	-6.11294
2297	-6.02576	-6.13967
2298	-6.05045	-6.16890
2299	-6.07534	-6.19870
2300	-6.10040	-6.22714
2301	-6.12578	-6.25064
2302	-6.15129	-6.27267
2303	-6.17669	-6.29464
2304	-6.20175	-6.31799
2305	-6.22619	-6.34485
2306	-6.25027	-6.37319
2307	-6.27416	-6.40215
2308	-6.29800	-6.43084
2309	-6.32204	-6.45942
2310	-6.34607	-6.48739
2311	-6.37009	-6.51387
2312	-6.39409	-6.53796
2313	-6.41807	-6.55794
2314	-6.44205	-6.57569
2315	-6.46603	-6.59281
2316	-6.49002	-6.61095
2317	-6.51405	-6.63217
2318	-6.53809	-6.65464
2319	-6.56214	-6.67794
2320	-6.58619	-6.70167
2321	-6.61024	-6.72505
2322	-6.63429	-6.74875
2323	-6.65832	-6.77273
2324	-6.68232	-6.79693
2325	-6.70625	-6.82186
2326	-6.73016	-6.84688
2327	-6.75406	-6.87144
2328	-6.77798	-6.89497
2329	-6.80198	-6.91571
2330	-6.82600	-6.93557
2331	-6.85002	-6.95583
2332	-6.87401	-6.97777
2333	-6.89791	-7.00337
2334	-6.92177	-7.03071
2335	-6.94564	-7.05874
2336	-6.96954	-7.08643
2337	-6.99354	-7.11301
2338	-7.01758	-7.13897
2339	-7.04161	-7.16402
2340	-7.06559	-7.18782
2341	-7.08946	-7.20920
2342	-7.11328	-7.22953
2343	-7.13709	-7.24999
2344	-7.16093	-7.27182
2345	-7.18484	-7.29609
2346	-7.20879	-7.32191
2347	-7.23275	-7.34901
2348	-7.25671	-7.37713
2349	-7.28067	-7.40726
2350	-7.30462	-7.43804
2351	-7.32856	-7.46792
2352	-7.35247	-7.49534
2353	-7.37635	-7.51815
2354	-7.40021	-7.53843
2355	-7.42404	-7.55747
2356	-7.44787	-7.57653
2357	-7.47167	-7.59623
2358	-7.49547	-7.61638
2359	-7.51928	-7.63783
2360	-7.54313	-7.66144
2361	-7.56703	-7.68971
2362	-7.59097	-7.71987
2363	-7.61493	-7.74980
2364	-7.63892	-7.77735
2365	-7.66292	-7.79899
2366	-7.68693	-7.81817
2367	-7.71094	-7.83658
2368	-7.73493	-7.85591
2369	-7.75890	-7.87887
2370	-7.78285	-7.90293
2371	-7.80678	-7.92731
2372	-7.83069	-7.95125
2373	-7.85457	-7.97204
2374	-7.87843	-7.99253
2375	-7.90228	-8.01418
2376	-7.92612	-8.03850
2377	-7.94996	-8.06952
2378	-7.97380	-8.10291
2379	-7.99765	-8.13576
2380	-8.02154	-8.16514
2381	-8.04545	-8.18505
2382	-8.06939	-8.20157
2383	-8.09338	-8.21806
2384	-8.11742	-8.23785
2385	-8.14156	-8.26766
2386	-8.16574	-8.30077
2387	-8.18992	-8.33382
2388	-8.21405	-8.36345
2389	-8.23802	-8.38384
2390	-8.26194	-8.40068
2391	-8.28586	-8.41669
2392	-8.30985	-8.43457
2393	-8.33403	-8.45797
2394	-8.35827	-8.48359
2395	-8.38250	-8.51052
2396	-8.40665	-8.53784
2397	-8.43060	-8.56527
2398	-8.45446	-8.59272
2399	-8.47831	-8.61921
2400	-8.50220	-8.64381
2401	-8.52622	-8.66396
2402	-8.55029	-8.68240
2403	-8.57438	-8.70106
2404	-8.59847	-8.72186
2405	-8.62252	-8.74841
2406	-8.64655	-8.77711
2407	-8.67058	-8.80613
2408	-8.69458	-8.83362
2409	-8.71853	-8.85663
2410	-8.74247	-8.87797
2411	-8.76643	-8.89874
2412	-8.79046	-8.92005
2413	-8.81464	-8.94372
2414	-8.83887	-8.96805
2415	-8.86309	-8.99255
2416	-8.88725	-9.01670
2417	-8.91125	-9.03915
2418	-8.93518	-9.06131
2419	-8.95907	-9.08384
2420	-8.98296	-9.10746
2421	-9.00677	-9.13285
2422	-9.03061	-9.15939
2423	-9.05457	-9.18670
2424	-9.07874	-9.21443
2425	-9.10316	-9.24289
2426	-9.12780	-9.27152
2427	-9.15265	-9.29949
2428	-9.17767	-9.32598
2429	-9.20300	-9.34942
2430	-9.22844	-9.37143
2431	-9.25379	-9.39307
2432	-9.27881	-9.41544
2433	-9.30323	-9.43961
2434	-9.32731	-9.46471
2435	-9.35119	-9.49066
2436	-9.37502	-9.51740
2437	-9.39900	-9.54603
2438	-9.42296	-9.57515
2439	-9.44691	-9.60346
2440	-9.47086	-9.62963
2441	-9.49483	-9.65084
2442	-9.51880	-9.67001
2443	-9.54278	-9.68902
2444	-9.56677	-9.70973
2445	-9.59075	-9.73524
2446	-9.61474	-9.76257
2447	-9.63874	-9.79043
2448	-9.66274	-9.81755
2449	-9.68678	-9.84223
2450	-9.71082	-9.86597
2451	-9.73485	-9.88909
2452	-9.75884	-9.91192
2453	-9.78274	-9.93506
2454	-9.80661	-9.95797
2455	-9.83047	-9.98071
2456	-9.85437	-10.0033
2457	-9.87837	-10.0251
2458	-9.90239	-10.0468
2459	-9.92642	-10.0692
2460	-9.95041	-10.0929
2461	-9.97431	-10.1189
2462	-9.99818	-10.1461
2463	-10.0220	-10.1739
2464	-10.0459	-10.2013
2465	-10.0699	-10.2279
2466	-10.0938	-10.2540
2467	-10.1178	-10.2793
2468	-10.1417	-10.3038
2469	-10.1656	-10.3275
2470	-10.1894	-10.3502
2471	-10.2133	-10.3721
2472	-10.2371	-10.3931
2473	-10.2610	-10.4130
2474	-10.2849	-10.4322
2475	-10.3088	-10.4515
2476	-10.3327	-10.4717
2477	-10.3566	-10.4937
2478	-10.3805	-10.5166
2479	-10.4044	-10.5399
2480	-10.4282	-10.5630
2481	-10.4521	-10.5848
2482	-10.4759	-10.6064
2483	-10.4997	-10.6284
2484	-10.5234	-10.6514
2485	-10.5472	-10.6764
2486	-10.5709	-10.7023
2487	-10.5947	-10.7284
2488	-10.6185	-10.7539
2489	-10.6424	-10.7768
2490	-10.6663	-10.7991
2491	-10.6903	-10.8221
2492	-10.7142	-10.8468
2493	-10.7382	-10.8760
2494	-10.7621	-10.9067
2495	-10.7861	-10.9372
2496	-10.8101	-10.9656
2497	-10.8340	-10.9894
2498	-10.8580	-11.0109
2499	-10.8820	-11.0314
2500	-10.9059	-11.0520
2501	-10.9297	-11.0734
2502	-10.9535	-11.0953
2503	-10.9773	-11.1183
2504	-11.0011	-11.1428
2505	-11.0249	-11.1710
2506	-11.0487	-11.2005
2507	-11.0726	-11.2297
2508	-11.0964	-11.2569
2509	-11.1203	-11.2793
2510	-11.1442	-11.2996
2511	-11.1681	-11.3190
2512	-11.1921	-11.3388
2513	-11.2162	-11.3608
2514	-11.2403	-11.3835
2515	-11.2645	-11.4065
2516	-11.2886	-11.4298
2517	-11.3126	-11.4532
2518	-11.3364	-11.4768
2519	-11.3603	-11.5001
2520	-11.3843	-11.5228
2521	-11.4084	-11.5435
2522	-11.4327	-11.5638
2523	-11.4569	-11.5848
2524	-11.4810	-11.6078
2525	-11.5049	-11.6347
2526	-11.5287	-11.6634
2527	-11.5525	-11.6928
2528	-11.5764	-11.7216
2529	-11.6004	-11.7472
2530	-11.6244	-11.7721
2531	-11.6485	-11.7973
2532	-11.6726	-11.8237
2533	-11.6966	-11.8535
2534	-11.7206	-11.8844
2535	-11.7446	-11.9153
2536	-11.7686	-11.9450
2537	-11.7925	-11.9733
2538	-11.8164	-11.9999
2539	-11.8404	-12.0246
2540	-11.8644	-12.0468
2541	-11.8885	-12.0652
2542	-11.9128	-12.0815
2543	-11.9370	-12.0973
2544	-11.9611	-12.1145
2545	-11.9851	-12.1343
2546	-12.0090	-12.1560
2547	-12.0328	-12.1795
2548	-12.0567	-12.2050
2549	-12.0805	-12.2328
2550	-12.1043	-12.2625
2551	-12.1282	-12.2930
2552	-12.1524	-12.3232
2553	-12.1767	-12.3524
2554	-12.2012	-12.3810
2555	-12.2260	-12.4086
2556	-12.2510	-12.4346
2557	-12.2763	-12.4590
2558	-12.3019	-12.4818
2559	-12.3273	-12.5036
2560	-12.3525	-12.5246
2561	-12.3772	-12.5452
2562	-12.4015	-12.5654
2563	-12.4256	-12.5855
2564	-12.4498	-12.6061
2565	-12.4740	-12.6273
2566	-12.4983	-12.6491
2567	-12.5225	-12.6717
2568	-12.5467	-12.6954
2569	-12.5709	-12.7202
2570	-12.5952	-12.7460
2571	-12.6194	-12.7723
2572	-12.6437	-12.7986
2573	-12.6679	-12.8247
2574	-12.6922	-12.8506
2575	-12.7165	-12.8760
2576	-12.7407	-12.9007
2577	-12.7650	-12.9241
2578	-12.7893	-12.9468
2579	-12.8136	-12.9690
2580	-12.8379	-12.9912
2581	-12.8621	-13.0137
2582	-12.8863	-13.0363
2583	-12.9105	-13.0591
2584	-12.9347	-13.0821
2585	-12.9589	-13.1058
2586	-12.9831	-13.1297
2587	-13.0073	-13.1534
2588	-13.0316	-13.1767
2589	-13.0557	-13.1982
2590	-13.0799	-13.2193
2591	-13.1040	-13.2408
2592	-13.1282	-13.2636
2593	-13.1524	-13.2892
2594	-13.1766	-13.3159
2595	-13.2009	-13.3430
2596	-13.2251	-13.3693
2597	-13.2492	-13.3937
2598	-13.2733	-13.4172
2599	-13.2974	-13.4402
2600	-13.3215	-13.4632
2601	-13.3456	-13.4866
2602	-13.3698	-13.5101
2603	-13.3939	-13.5335
2604	-13.4181	-13.5570
2605	-13.4423	-13.5809
2606	-13.4665	-13.6047
2607	-13.4907	-13.6284
2608	-13.5149	-13.6515
2609	-13.5390	-13.6736
2610	-13.5631	-13.6952
2611	-13.5872	-13.7169
2612	-13.6112	-13.7390
2613	-13.6353	-13.7617
2614	-13.6594	-13.7851
2615	-13.6834	-13.8091
2616	-13.7075	-13.8338
2617	-13.7316	-13.8603
2618	-13.7558	-13.8873
2619	-13.7800	-13.9138
2620	-13.8041	-13.9386
2621	-13.8284	-13.9598
2622	-13.8527	-13.9795
2623	-13.8769	-13.9989
2624	-13.9012	-14.0193
2625	-13.9254	-14.0430
2626	-13.9496	-14.0679
2627	-13.9738	-14.0930
2628	-13.9979	-14.1175
2629	-14.0220	-14.1393
2630	-14.0460	-14.1606
2631	-14.0700	-14.1821
2632	-14.0940	-14.2049
2633	-14.1181	-14.2295
2634	-14.1422	-14.2554
2635	-14.1664	-14.2825
2636	-14.1905	-14.3104
2637	-14.2147	-14.3399
2638	-14.2389	-14.3701
2639	-14.2631	-14.3997
2640	-14.2874	-14.4276
2641	-14.3117	-14.4519
2642	-14.3361	-14.4745
2643	-14.3605	-14.4965
2644	-14.3849	-14.5189
2645	-14.4092	-14.5436
2646	-14.4334	-14.5689
2647	-14.4576	-14.5941
2648	-14.4818	-14.6188
2649	-14.5063	-14.6415
2650	-14.5309	-14.6636
2651	-14.5554	-14.6861
2652	-14.5798	-14.7097
2653	-14.6040	-14.7364
2654	-14.6280	-14.7641
2655	-14.6521	-14.7920
2656	-14.6762	-14.8188
2657	-14.7005	-14.8438
2658	-14.7248	-14.8676
2659	-14.7491	-14.8902
2660	-14.7735	-14.9115
2661	-14.7978	-14.9309
2662	-14.8221	-14.9493
2663	-14.8463	-14.9680
2664	-14.8706	-14.9884
2665	-14.8948	-15.0130
2666	-14.9190	-15.0393
2667	-14.9432	-15.0656
2668	-14.9675	-15.0905
2669	-14.9918	-15.1108
2670	-15.0163	-15.1298
2671	-15.0407	-15.1488
2672	-15.0651	-15.1695
2673	-15.0894	-15.1943
2674	-15.1136	-15.2208
2675	-15.1378	-15.2479
2676	-15.1619	-15.2745
2677	-15.1860	-15.2984
2678	-15.2100	-15.3216
2679	-15.2342	-15.3450
2680	-15.2586	-15.3692
2681	-15.2832	-15.3957
2682	-15.3081	-15.4230
2683	-15.3332	-15.4503
2684	-15.3585	-15.4768
2685	-15.3842	-15.5014
2686	-15.4101	-15.5252
2687	-15.4358	-15.5487
2688	-15.4613	-15.5723
2689	-15.4860	-15.5969
2690	-15.5103	-15.6217
2691	-15.5344	-15.6467
2692	-15.5584	-15.6715
2693	-15.5827	-15.6956
2694	-15.6069	-15.7197
2695	-15.6312	-15.7441
2696	-15.6554	-15.7692
2697	-15.6797	-15.7954
2698	-15.7040	-15.8224
2699	-15.7283	-15.8497
2700	-15.7525	-15.8771
2701	-15.7768	-15.9045
2702	-15.8011	-15.9319
2703	-15.8254	-15.9590
2704	-15.8497	-15.9853
2705	-15.8740	-16.0112
2706	-15.8984	-16.0364
2707	-15.9227	-16.0606
2708	-15.9469	-16.0839
2709	-15.9712	-16.1055
2710	-15.9953	-16.1263
2711	-16.0195	-16.1470
2712	-16.0437	-16.1686
2713	-16.0680	-16.1923
2714	-16.0923	-16.2169
2715	-16.1165	-16.2417
2716	-16.1408	-16.2659
2717	-16.1650	-16.2884
2718	-16.1891	-16.3104
2719	-16.2133	-16.3323
2720	-16.2375	-16.3546
2721	-16.2618	-16.3776
2722	-16.2861	-16.4011
2723	-16.3104	-16.4254
2724	-16.3346	-16.4507
2725	-16.3588	-16.4770
2726	-16.3828	-16.5043
2727	-16.4069	-16.5322
2728	-16.4311	-16.5605
2729	-16.4553	-16.5893
2730	-16.4795	-16.6182
2731	-16.5038	-16.6466
2732	-16.5281	-16.6737
2733	-16.5523	-16.6991
2734	-16.5766	-16.7232
2735	-16.6008	-16.7462
2736	-16.6249	-16.7685
2737	-16.6490	-16.7901
2738	-16.6731	-16.8111
2739	-16.6972	-16.8320
2740	-16.7212	-16.8533
2741	-16.7454	-16.8757
2742	-16.7695	-16.8985
2743	-16.7937	-16.9217
2744	-16.8179	-16.9453
2745	-16.8420	-16.9693
2746	-16.8662	-16.9935
2747	-16.8904	-17.0176
2748	-16.9146	-17.0413
2749	-16.9389	-17.0630
2750	-16.9632	-17.0845
2751	-16.9874	-17.1068
2752	-17.0117	-17.1310
2753	-17.0360	-17.1590
2754	-17.0602	-17.1888
2755	-17.0844	-17.2189
2756	-17.1086	-17.2479
2757	-17.1328	-17.2739
2758	-17.1570	-17.2986
2759	-17.1811	-17.3227
2760	-17.2052	-17.3468
2761	-17.2293	-17.3723
2762	-17.2534	-17.3978
2763	-17.2775	-17.4230
2764	-17.3017	-17.4473
2765	-17.3258	-17.4695
2766	-17.3500	-17.4910
2767	-17.3743	-17.5127
2768	-17.3986	-17.5357
2769	-17.4230	-17.5624
2770	-17.4474	-17.5902
2771	-17.4718	-17.6177
2772	-17.4961	-17.6436
2773	-17.5204	-17.6650
2774	-17.5447	-17.6847
2775	-17.5689	-17.7041
2776	-17.5932	-17.7246
2777	-17.6177	-17.7488
2778	-17.6422	-17.7742
2779	-17.6667	-17.7999
2780	-17.6911	-17.8249
2781	-17.7154	-17.8485
2782	-17.7395	-17.8713
2783	-17.7636	-17.8932
2784	-17.7878	-17.9141
2785	-17.8121	-17.9336
2786	-17.8364	-17.9523
2787	-17.8608	-17.9710
2788	-17.8852	-17.9904
2789	-17.9095	-18.0099
2790	-17.9338	-18.0305
2791	-17.9581	-18.0531
2792	-17.9824	-18.0786
2793	-18.0066	-18.1091
2794	-18.0308	-18.1421
2795	-18.0551	-18.1758
2796	-18.0794	-18.2078
2797	-18.1038	-18.2364
2798	-18.1283	-18.2629
2799	-18.1528	-18.2875
2800	-18.1772	-18.3103
2801	-18.2015	-18.3302
2802	-18.2257	-18.3487
2803	-18.2499	-18.3674
2804	-18.2741	-18.3880
2805	-18.2982	-18.4136
2806	-18.3223	-18.4412
2807	-18.3465	-18.4692
2808	-18.3709	-18.4961
2809	-18.3956	-18.5196
2810	-18.4204	-18.5419
2811	-18.4455	-18.5637
2812	-18.4709	-18.5859
2813	-18.4967	-18.6097
2814	-18.5226	-18.6340
2815	-18.5485	-18.6582
2816	-18.5739	-18.6822
2817	-18.5985	-18.7046
2818	-18.6227	-18.7268
2819	-18.6466	-18.7493
2820	-18.6705	-18.7727
2821	-18.6946	-18.7982
2822	-18.7188	-18.8247
2823	-18.7429	-18.8512
2824	-18.7670	-18.8772
2825	-18.7910	-18.9014
2826	-18.8151	-18.9249
2827	-18.8392	-18.9481
2828	-18.8633	-18.9714
2829	-18.8874	-18.9942
2830	-18.9115	-19.0174
2831	-18.9356	-19.0416
2832	-18.9597	-19.0677
2833	-18.9839	-19.0983
2834	-19.0080	-19.1305
2835	-19.0322	-19.1620
2836	-19.0563	-19.1907
2837	-19.0803	-19.2122
2838	-19.1043	-19.2309
2839	-19.1283	-19.2492
2840	-19.1523	-19.2697
2841	-19.1764	-19.2970
2842	-19.2004	-19.3264
2843	-19.2245	-19.3559
2844	-19.2486	-19.3832
2845	-19.2725	-19.4053
2846	-19.2965	-19.4251
2847	-19.3204	-19.4436
2848	-19.3444	-19.4619
2849	-19.3685	-19.4803
2850	-19.3927	-19.4990
2851	-19.4168	-19.5189
2852	-19.4409	-19.5411
2853	-19.4648	-19.5670
2854	-19.4886	-19.5952
2855	-19.5125	-19.6245
2856	-19.5364	-19.6540
2857	-19.5604	-19.6835
2858	-19.5845	-19.7126
2859	-19.6086	-19.7400
2860	-19.6327	-19.7646
2861	-19.6568	-19.7835
2862	-19.6808	-19.7997
2863	-19.7048	-19.8158
2864	-19.7288	-19.8340
2865	-19.7528	-19.8580
2866	-19.7767	-19.8844
2867	-19.8006	-19.9119
2868	-19.8245	-19.9394
2869	-19.8484	-19.9663
2870	-19.8723	-19.9926
2871	-19.8962	-20.0177
2872	-19.9202	-20.0406
2873	-19.9442	-20.0586
2874	-19.9682	-20.0749
2875	-19.9922	-20.0917
2876	-20.0162	-20.1117
2877	-20.0403	-20.1392
2878	-20.0643	-20.1698
2879	-20.0884	-20.2010
2880	-20.1124	-20.2304
2881	-20.1366	-20.2538
2882	-20.1607	-20.2752
2883	-20.1848	-20.2963
2884	-20.2088	-20.3186
2885	-20.2328	-20.3446
2886	-20.2568	-20.3719
2887	-20.2807	-20.3998
2888	-20.3046	-20.4274
2889	-20.3285	-20.4540
2890	-20.3524	-20.4802
2891	-20.3763	-20.5057
2892	-20.4003	-20.5303
2893	-20.4242	-20.5541
2894	-20.4482	-20.5769
2895	-20.4723	-20.5991
2896	-20.4965	-20.6208
2897	-20.5209	-20.6415
2898	-20.5453	-20.6619
2899	-20.5697	-20.6829
2900	-20.5941	-20.7055
2901	-20.6182	-20.7313
2902	-20.6422	-20.7586
2903	-20.6662	-20.7863
2904	-20.6902	-20.8133
2905	-20.7145	-20.8390
2906	-20.7388	-20.8637
2907	-20.7631	-20.8872
2908	-20.7873	-20.9093
2909	-20.8113	-20.9294
2910	-20.8353	-20.9482
2911	-20.8592	-20.9665
2912	-20.8832	-20.9852
2913	-20.9073	-21.0043
2914	-20.9315	-21.0241
2915	-20.9557	-21.0453
2916	-20.9799	-21.0687
2917	-21.0041	-21.0962
2918	-21.0282	-21.1256
2919	-21.0523	-21.1550
2920	-21.0764	-21.1827
2921	-21.1004	-21.2057
2922	-21.1245	-21.2267
2923	-21.1485	-21.2470
2924	-21.1726	-21.2677
2925	-21.1968	-21.2903
2926	-21.2211	-21.3136
2927	-21.2455	-21.3374
2928	-21.2697	-21.3615
2929	-21.2938	-21.3861
2930	-21.3179	-21.4110
2931	-21.3419	-21.4356
2932	-21.3659	-21.4594
2933	-21.3898	-21.4812
2934	-21.4137	-21.5023
2935	-21.4377	-21.5236
2936	-21.4619	-21.5458
2937	-21.4863	-21.5707
2938	-21.5109	-21.5965
2939	-21.5357	-21.6224
2940	-21.5608	-21.6475
2941	-21.5863	-21.6701
2942	-21.6121	-21.6919
2943	-21.6378	-21.7135
2944	-21.6633	-21.7358
2945	-21.6882	-21.7585
2946	-21.7127	-21.7820
2947	-21.7371	-21.8071
2948	-21.7614	-21.8342
2949	-21.7859	-21.8662
2950	-21.8103	-21.8999
2951	-21.8348	-21.9327
2952	-21.8592	-21.9621
2953	-21.8837	-21.9836
2954	-21.9081	-22.0016
2955	-21.9326	-22.0187
2956	-21.9571	-22.0372
2957	-21.9816	-22.0612
2958	-22.0061	-22.0870
2959	-22.0307	-22.1132
2960	-22.0552	-22.1385
2961	-22.0797	-22.1607
2962	-22.1043	-22.1819
2963	-22.1288	-22.2031
2964	-22.1533	-22.2251
2965	-22.1778	-22.2495
2966	-22.2022	-22.2747
2967	-22.2267	-22.3000
2968	-22.2511	-22.3247
2969	-22.2756	-22.3475
2970	-22.3000	-22.3697
2971	-22.3245	-22.3915
2972	-22.3489	-22.4136
2973	-22.3733	-22.4357
2974	-22.3977	-22.4581
2975	-22.4222	-22.4815
2976	-22.4466	-22.5064
2977	-22.4711	-22.5342
2978	-22.4956	-22.5632
2979	-22.5201	-22.5923
2980	-22.5445	-22.6201
2981	-22.5689	-22.6446
2982	-22.5932	-22.6678
2983	-22.6175	-22.6903
2984	-22.6418	-22.7131
2985	-22.6662	-22.7364
2986	-22.6906	-22.7603
2987	-22.7151	-22.7850
2988	-22.7395	-22.8111
2989	-22.7640	-22.8407
2990	-22.7884	-22.8714
2991	-22.8129	-22.9013
2992	-22.8373	-22.9286
2993	-22.8616	-22.9494
2994	-22.8859	-22.9678
2995	-22.9102	-22.9860
2996	-22.9345	-23.0064
2997	-22.9588	-23.0327
2998	-22.9831	-23.0615
2999	-23.0075	-23.0912
3000	-23.0318	-23.1205
3001	-23.0561	-23.1478
3002	-23.0805	-23.1743
3003	-23.1049	-23.1999
3004	-23.1293	-23.2245
3005	-23.1538	-23.2475
3006	-23.1783	-23.2696
3007	-23.2028	-23.2918
3008	-23.2273	-23.3148
3009	-23.2518	-23.3405
3010	-23.2762	-23.3671
3011	-23.3006	-23.3936
3012	-23.3250	-23.4191
3013	-23.3494	-23.4421
3014	-23.3737	-23.4639
3015	-23.3981	-23.4853
3016	-23.4224	-23.5069
3017	-23.4467	-23.5291
3018	-23.4711	-23.5517
3019	-23.4954	-23.5749
3020	-23.5198	-23.5990
3021	-23.5442	-23.6244
3022	-23.5686	-23.6506
3023	-23.5931	-23.6772
3024	-23.6176	-23.7039
3025	-23.6422	-23.7309
3026	-23.6668	-23.7577
3027	-23.6914	-23.7835
3028	-23.7160	-23.8075
3029	-23.7405	-23.8285
3030	-23.7649	-23.8478
3031	-23.7894	-23.8665
3032	-23.8139	-23.8857
3033	-23.8386	-23.9060
3034	-23.8633	-23.9271
3035	-23.8881	-23.9495
3036	-23.9127	-23.9738
3037	-23.9371	-24.0018
3038	-23.9615	-24.0313
3039	-23.9858	-24.0606
3040	-24.0102	-24.0877
3041	-24.0347	-24.1095
3042	-24.0593	-24.1291
3043	-24.0838	-24.1482
3044	-24.1084	-24.1683
3045	-24.1329	-24.1910
3046	-24.1575	-24.2151
3047	-24.1820	-24.2405
3048	-24.2065	-24.2671
3049	-24.2310	-24.2955
3050	-24.2554	-24.3249
3051	-24.2799	-24.3542
3052	-24.3044	-24.3822
3053	-24.3290	-24.4080
3054	-24.3537	-24.4325
3055	-24.3783	-24.4557
3056	-24.4029	-24.4779
3057	-24.4274	-24.4986
3058	-24.4517	-24.5186
3059	-24.4761	-24.5390
3060	-24.5005	-24.5608
3061	-24.5248	-24.5861
3062	-24.5492	-24.6129
3063	-24.5737	-24.6399
3064	-24.5984	-24.6662
3065	-24.6233	-24.6889
3066	-24.6484	-24.7108
3067	-24.6737	-24.7332
3068	-24.6992	-24.7575
3069	-24.7252	-24.7865
3070	-24.7513	-24.8174
3071	-24.7773	-24.8483
3072	-24.8029	-24.8774
3073	-24.8277	-24.9027
3074	-24.8520	-24.9260
3075	-24.8760	-24.9481
3076	-24.9000	-24.9695
3077	-24.9242	-24.9903
3078	-24.9484	-25.0109
3079	-24.9726	-25.0321
3080	-24.9968	-25.0551
3081	-25.0210	-25.0825
3082	-25.0452	-25.1115
3083	-25.0694	-25.1401
3084	-25.0936	-25.1664
3085	-25.1179	-25.1877
3086	-25.1422	-25.2066
3087	-25.1665	-25.2243
3088	-25.1908	-25.2422
3089	-25.2151	-25.2605
3090	-25.2394	-25.2794
3091	-25.2636	-25.2999
3092	-25.2878	-25.3229
3093	-25.3119	-25.3500
3094	-25.3360	-25.3795
3095	-25.3601	-25.4101
3096	-25.3842	-25.4404
3097	-25.4084	-25.4689
3098	-25.4326	-25.4967
3099	-25.4568	-25.5237
3100	-25.4810	-25.5496
3101	-25.5051	-25.5740
3102	-25.5292	-25.5974
3103	-25.5533	-25.6205
3104	-25.5775	-25.6439
3105	-25.6018	-25.6694
3106	-25.6261	-25.6952
3107	-25.6504	-25.7205
3108	-25.6746	-25.7445
3109	-25.6987	-25.7656
3110	-25.7226	-25.7854
3111	-25.7466	-25.8050
3112	-25.7706	-25.8252
3113	-25.7947	-25.8476
3114	-25.8189	-25.8708
3115	-25.8431	-25.8944
3116	-25.8673	-25.9179
3117	-25.8915	-25.9402
3118	-25.9157	-25.9624
3119	-25.9399	-25.9850
3120	-25.9640	-26.0082
3121	-25.9880	-26.0324
3122	-26.0120	-26.0574
3123	-26.0359	-26.0830
3124	-26.0599	-26.1091
3125	-26.0839	-26.1358
3126	-26.1080	-26.1629
3127	-26.1320	-26.1898
3128	-26.1561	-26.2160
3129	-26.1802	-26.2412
3130	-26.2043	-26.2655
3131	-26.2284	-26.2892
3132	-26.2526	-26.3122
3133	-26.2768	-26.3344
3134	-26.3009	-26.3560
3135	-26.3251	-26.3778
3136	-26.3493	-26.4002
3137	-26.3735	-26.4245
3138	-26.3977	-26.4495
3139	-26.4218	-26.4745
3140	-26.4460	-26.4990
3141	-26.4701	-26.5216
3142	-26.4943	-26.5436
3143	-26.5183	-26.5657
3144	-26.5424	-26.5885
3145	-26.5664	-26.6124
3146	-26.5904	-26.6371
3147	-26.6144	-26.6625
3148	-26.6384	-26.6888
3149	-26.6625	-26.7165
3150	-26.6868	-26.7447
3151	-26.7110	-26.7727
3152	-26.7353	-26.7996
3153	-26.7596	-26.8237
3154	-26.7840	-26.8468
3155	-26.8083	-26.8695
3156	-26.8326	-26.8930
3157	-26.8567	-26.9192
3158	-26.8808	-26.9460
3159	-26.9049	-26.9725
3160	-26.9291	-26.9977
3161	-26.9535	-27.0199
3162	-26.9780	-27.0407
3163	-27.0024	-27.0611
3164	-27.0268	-27.0818
3165	-27.0509	-27.1047
3166	-27.0749	-27.1281
3167	-27.0989	-27.1512
3168	-27.1230	-27.1733
3169	-27.1472	-27.1929
3170	-27.1715	-27.2115
3171	-27.1959	-27.2303
3172	-27.2202	-27.2501
3173	-27.2445	-27.2722
3174	-27.2687	-27.2956
3175	-27.2929	-27.3195
3176	-27.3171	-27.3437
3177	-27.3412	-27.3657
3178	-27.3653	-27.3881
3179	-27.3895	-27.4119
3180	-27.4137	-27.4384
3181	-27.4381	-27.4701
3182	-27.4625	-27.5042
3183	-27.4869	-27.5387
3184	-27.5113	-27.5715
3185	-27.5355	-27.6005
3186	-27.5596	-27.6274
3187	-27.5837	-27.6527
3188	-27.6078	-27.6766
3189	-27.6318	-27.7003
3190	-27.6559	-27.7228
3191	-27.6800	-27.7441
3192	-27.7044	-27.7644
3193	-27.7290	-27.7819
3194	-27.7537	-27.7989
3195	-27.7787	-27.8171
3196	-27.8040	-27.8387
3197	-27.8298	-27.8668
3198	-27.8557	-27.8981
3199	-27.8815	-27.9307
3200	-27.9069	-27.9624
3201	-27.9314	-27.9912
3202	-27.9555	-28.0188
3203	-27.9793	-28.0448
3204	-28.0030	-28.0691
3205	-28.0270	-28.0913
3206	-28.0510	-28.1119
3207	-28.0749	-28.1321
3208	-28.0989	-28.1528
3209	-28.1229	-28.1746
3210	-28.1468	-28.1973
3211	-28.1708	-28.2213
3212	-28.1948	-28.2470
3213	-28.2188	-28.2765
3214	-28.2428	-28.3074
3215	-28.2668	-28.3377
3216	-28.2908	-28.3656
3217	-28.3149	-28.3870
3218	-28.3389	-28.4060
3219	-28.3630	-28.4248
3220	-28.3870	-28.4456
3221	-28.4109	-28.4719
3222	-28.4348	-28.5005
3223	-28.4587	-28.5300
3224	-28.4826	-28.5590
3225	-28.5066	-28.5869
3226	-28.5306	-28.6140
3227	-28.5546	-28.6396
3228	-28.5786	-28.6631
3229	-28.6025	-28.6830
3230	-28.6263	-28.7009
3231	-28.6501	-28.7183
3232	-28.6740	-28.7367
3233	-28.6980	-28.7575
3234	-28.7220	-28.7796
3235	-28.7460	-28.8030
3236	-28.7699	-28.8279
3237	-28.7937	-28.8547
3238	-28.8174	-28.8828
3239	-28.8411	-28.9108
3240	-28.8649	-28.9378
3241	-28.8888	-28.9627
3242	-28.9127	-28.9863
3243	-28.9367	-29.0087
3244	-28.9606	-29.0300
3245	-28.9845	-29.0496
3246	-29.0084	-29.0685
3247	-29.0323	-29.0877
3248	-29.0561	-29.1084
3249	-29.0799	-29.1330
3250	-29.1037	-29.1592
3251	-29.1275	-29.1855
3252	-29.1513	-29.2105
3253	-29.1751	-29.2323
3254	-29.1989	-29.2527
3255	-29.2227	-29.2725
3256	-29.2466	-29.2924
3257	-29.2705	-29.3123
3258	-29.2943	-29.3326
3259	-29.3183	-29.3540
3260	-29.3422	-29.3772
3261	-29.3662	-29.4035
3262	-29.3902	-29.4314
3263	-29.4142	-29.4599
3264	-29.4382	-29.4878
3265	-29.4621	-29.5137
3266	-29.4860	-29.5388
3267	-29.5099	-29.5632
3268	-29.5337	-29.5870
3269	-29.5575	-29.6107
3270	-29.5814	-29.6339
3271	-29.6052	-29.6567
3272	-29.6290	-29.6793
3273	-29.6528	-29.7017
3274	-29.6766	-29.7240
3275	-29.7004	-29.7463
3276	-29.7242	-29.7689
3277	-29.7481	-29.7912
3278	-29.7720	-29.8139
3279	-29.7959	-29.8376
3280	-29.8199	-29.8627
3281	-29.8440	-29.8911
3282	-29.8680	-29.9207
3283	-29.8921	-29.9500
3284	-29.9162	-29.9772
3285	-29.9402	-29.9998
3286	-29.9641	-30.0203
3287	-29.9880	-30.0401
3288	-30.0120	-30.0607
3289	-30.0361	-30.0844
3290	-30.0603	-30.1089
3291	-30.0844	-30.1336
3292	-30.1085	-30.1575
3293	-30.1324	-30.1782
3294	-30.1561	-30.1983
3295	-30.1799	-30.2195
3296	-30.2037	-30.2431
3297	-30.2277	-30.2719
3298	-30.2518	-30.3031
3299	-30.2758	-30.3350
3300	-30.2999	-30.3659
3301	-30.3239	-30.3939
3302	-30.3478	-30.4205
3303	-30.3718	-30.4458
3304	-30.3957	-30.4699
3305	-30.4196	-30.4925
3306	-30.4435	-30.5140
3307	-30.4674	-30.5354
3308	-30.4914	-30.5575
3309	-30.5155	-30.5818
3310	-30.5396	-30.6070
3311	-30.5637	-30.6322
3312	-30.5878	-30.6570
3313	-30.6117	-30.6800
3314	-30.6356	-30.7026
3315	-30.6594	-30.7252
3316	-30.6832	-30.7484
3317	-30.7070	-30.7730
3318	-30.7308	-30.7983
3319	-30.7548	-30.8239
3320	-30.7789	-30.8493
3321	-30.8032	-30.8740
3322	-30.8277	-30.8985
3323	-30.8524	-30.9230
3324	-30.8774	-30.9477
3325	-30.9028	-30.9732
3326	-30.9284	-30.9987
3327	-30.9539	-31.0240
3328	-30.9791	-31.0486
3329	-31.0035	-31.0722
3330	-31.0276	-31.0950
3331	-31.0514	-31.1173
3332	-31.0752	-31.1393
3333	-31.0992	-31.1612
3334	-31.1231	-31.1828
3335	-31.1470	-31.2044
3336	-31.1709	-31.2263
3337	-31.1948	-31.2479
3338	-31.2187	-31.2699
3339	-31.2425	-31.2928
3340	-31.2664	-31.3169
3341	-31.2903	-31.3433
3342	-31.3142	-31.3710
3343	-31.3382	-31.3988
3344	-31.3621	-31.4259
3345	-31.3861	-31.4503
3346	-31.4101	-31.4739
3347	-31.4341	-31.4975
3348	-31.4580	-31.5221
3349	-31.4819	-31.5498
3350	-31.5057	-31.5784
3351	-31.5295	-31.6065
3352	-31.5534	-31.6327
3353	-31.5774	-31.6546
3354	-31.6014	-31.6747
3355	-31.6255	-31.6945
3356	-31.6495	-31.7155
3357	-31.6734	-31.7409
3358	-31.6973	-31.7675
3359	-31.7211	-31.7938
3360	-31.7450	-31.8181
3361	-31.7689	-31.8374
3362	-31.7928	-31.8548
3363	-31.8167	-31.8722
3364	-31.8405	-31.8912
3365	-31.8642	-31.9144
3366	-31.8879	-31.9394
3367	-31.9116	-31.9655
3368	-31.9354	-31.9916
3369	-31.9593	-32.0173
3370	-31.9832	-32.0428
3371	-32.0072	-32.0675
3372	-32.0311	-32.0910
3373	-32.0550	-32.1115
3374	-32.0789	-32.1309
3375	-32.1028	-32.1506
3376	-32.1266	-32.1719
3377	-32.1504	-32.1974
3378	-32.1741	-32.2245
3379	-32.1978	-32.2518
3380	-32.2216	-32.2781
3381	-32.2454	-32.3000
3382	-32.2692	-32.3209
3383	-32.2930	-32.3424
3384	-32.3169	-32.3661
3385	-32.3408	-32.3952
3386	-32.3646	-32.4265
3387	-32.3885	-32.4582
3388	-32.4124	-32.4883
3389	-32.4363	-32.5143
3390	-32.4602	-32.5385
3391	-32.4841	-32.5620
3392	-32.5081	-32.5855
3393	-32.5321	-32.6112
3394	-32.5561	-32.6370
3395	-32.5801	-32.6621
3396	-32.6040	-32.6858
3397	-32.6278	-32.7059
3398	-32.6516	-32.7248
3399	-32.6753	-32.7439
3400	-32.6990	-32.7648
3401	-32.7228	-32.7906
3402	-32.7465	-32.8182
3403	-32.7703	-32.8460
3404	-32.7942	-32.8723
3405	-32.8181	-32.8945
3406	-32.8420	-32.9150
3407	-32.8660	-32.9350
3408	-32.8901	-32.9556
3409	-32.9142	-32.9782
3410	-32.9384	-33.0015
3411	-32.9626	-33.0252
3412	-32.9867	-33.0490
3413	-33.0106	-33.0724
3414	-33.0345	-33.0958
3415	-33.0584	-33.1192
3416	-33.0824	-33.1424
3417	-33.1066	-33.1652
3418	-33.1308	-33.1879
3419	-33.1551	-33.2109
3420	-33.1792	-33.2343
3421	-33.2031	-33.2589
3422	-33.2270	-33.2840
3423	-33.2508	-33.3090
3424	-33.2746	-33.3334
3425	-33.2986	-33.3560
3426	-33.3226	-33.3780
3427	-33.3466	-33.4002
3428	-33.3707	-33.4231
3429	-33.3948	-33.4476
3430	-33.4189	-33.4730
3431	-33.4430	-33.4991
3432	-33.4670	-33.5254
3433	-33.4909	-33.5519
3434	-33.5147	-33.5787
3435	-33.5386	-33.6052
3436	-33.5625	-33.6312
3437	-33.5866	-33.6555
3438	-33.6108	-33.6793
3439	-33.6350	-33.7033
3440	-33.6592	-33.7284
3441	-33.6832	-33.7567
3442	-33.7072	-33.7858
3443	-33.7311	-33.8146
3444	-33.7550	-33.8415
3445	-33.7788	-33.8648
3446	-33.8026	-33.8863
3447	-33.8266	-33.9066
3448	-33.8507	-33.9268
3449	-33.8750	-33.9474
3450	-33.8996	-33.9680
3451	-33.9244	-33.9893
3452	-33.9495	-34.0115
3453	-33.9751	-34.0354
3454	-34.0008	-34.0603
3455	-34.0266	-34.0858
3456	-34.0520	-34.1115
3457	-34.0768	-34.1369
3458	-34.1012	-34.1624
3459	-34.1254	-34.1876
3460	-34.1496	-34.2124
3461	-34.1739	-34.2362
3462	-34.1982	-34.2596
3463	-34.2224	-34.2829
3464	-34.2467	-34.3064
3465	-34.2710	-34.3309
3466	-34.2953	-34.3556
3467	-34.3196	-34.3802
3468	-34.3439	-34.4044
3469	-34.3682	-34.4279
3470	-34.3925	-34.4509
3471	-34.4168	-34.4736
3472	-34.4411	-34.4961
3473	-34.4655	-34.5187
3474	-34.4899	-34.5412
3475	-34.5143	-34.5636
3476	-34.5386	-34.5859
3477	-34.5628	-34.6072
3478	-34.5870	-34.6286
3479	-34.6112	-34.6509
3480	-34.6354	-34.6749
3481	-34.6597	-34.7013
3482	-34.6841	-34.7295
3483	-34.7084	-34.7589
3484	-34.7327	-34.7889
3485	-34.7569	-34.8198
3486	-34.7811	-34.8510
3487	-34.8053	-34.8815
3488	-34.8295	-34.9102
3489	-34.8538	-34.9359
3490	-34.8781	-34.9597
3491	-34.9023	-34.9824
3492	-34.9266	-35.0048
3493	-34.9508	-35.0279
3494	-34.9750	-35.0508
3495	-34.9992	-35.0736
3496	-35.0234	-35.0964
3497	-35.0477	-35.1188
3498	-35.0719	-35.1412
3499	-35.0962	-35.1642
3500	-35.1205	-35.1882
3501	-35.1448	-35.2151
3502	-35.1691	-35.2427
3503	-35.1934	-35.2697
3504	-35.2176	-35.2944
3505	-35.2418	-35.3147
3506	-35.2659	-35.3328
3507	-35.2900	-35.3499
3508	-35.3141	-35.3671
3509	-35.3382	-35.3854
3510	-35.3624	-35.4042
3511	-35.3866	-35.4241
3512	-35.4108	-35.4456
3513	-35.4350	-35.4697
3514	-35.4593	-35.4953
3515	-35.4835	-35.5214
3516	-35.5078	-35.5469
3517	-35.5320	-35.5706
3518	-35.5563	-35.5936
3519	-35.5805	-35.6160
3520	-35.6047	-35.6378
3521	-35.6289	-35.6583
3522	-35.6532	-35.6786
3523	-35.6774	-35.6995
3524	-35.7016	-35.7220
3525	-35.7258	-35.7476
3526	-35.7499	-35.7749
3527	-35.7741	-35.8029
3528	-35.7982	-35.8306
3529	-35.8223	-35.8565
3530	-35.8465	-35.8820
3531	-35.8707	-35.9077
3532	-35.8949	-35.9337
3533	-35.9192	-35.9612
3534	-35.9435	-35.9890
3535	-35.9679	-36.0167
3536	-35.9923	-36.0436
3537	-36.0167	-36.0690
3538	-36.0412	-36.0935
3539	-36.0656	-36.1176
3540	-36.0900	-36.1415
3541	-36.1143	-36.1651
3542	-36.1385	-36.1887
3543	-36.1627	-36.2129
3544	-36.1870	-36.2382
3545	-36.2115	-36.2668
3546	-36.2360	-36.2963
3547	-36.2605	-36.3249
3548	-36.2849	-36.3509
3549	-36.3091	-36.3706
3550	-36.3333	-36.3877
3551	-36.3575	-36.4046
3552	-36.3817	-36.4237
3553	-36.4061	-36.4479
3554	-36.4306	-36.4745
3555	-36.4551	-36.5026
3556	-36.4795	-36.5312
3557	-36.5038	-36.5602
3558	-36.5281	-36.5893
3559	-36.5523	-36.6172
3560	-36.5766	-36.6427
3561	-36.6009	-36.6638
3562	-36.6253	-36.6826
3563	-36.6497	-36.7004
3564	-36.6741	-36.7187
3565	-36.6986	-36.7395
3566	-36.7231	-36.7609
3567	-36.7477	-36.7828
3568	-36.7721	-36.8047
3569	-36.7964	-36.8264
3570	-36.8207	-36.8481
3571	-36.8449	-36.8695
3572	-36.8691	-36.8907
3573	-36.8932	-36.9109
3574	-36.9174	-36.9308
3575	-36.9417	-36.9510
3576	-36.9662	-36.9720
3577	-36.9908	-36.9943
3578	-37.0157	-37.0175
3579	-37.0408	-37.0411
3580	-37.0662	-37.0650
3581	-37.0922	-37.0876
3582	-37.1184	-37.1104
3583	-37.1445	-37.1342
3584	-37.1702	-37.1597
3585	-37.1950	-37.1891
3586	-37.2192	-37.2199
3587	-37.2433	-37.2504
3588	-37.2672	-37.2787
3589	-37.2914	-37.3019
3590	-37.3156	-37.3229
3591	-37.3397	-37.3432
3592	-37.3639	-37.3643
3593	-37.3881	-37.3884
3594	-37.4124	-37.4135
3595	-37.4366	-37.4390
3596	-37.4609	-37.4645
3597	-37.4851	-37.4881
3598	-37.5093	-37.5118
3599	-37.5336	-37.5363
3600	-37.5578	-37.5625
3601	-37.5821	-37.5921
3602	-37.6064	-37.6232
3603	-37.6307	-37.6548
3604	-37.6549	-37.6854
3605	-37.6790	-37.7149
3606	-37.7030	-37.7431
3607	-37.7271	-37.7694
3608	-37.7512	-37.7931
3609	-37.7754	-37.8131
3610	-37.7997	-37.8307
3611	-37.8240	-37.8474
3612	-37.8483	-37.8648
3613	-37.8724	-37.8843
3614	-37.8965	-37.9047
3615	-37.9206	-37.9264
3616	-37.9447	-37.9494
3617	-37.9689	-37.9747
3618	-37.9931	-38.0011
3619	-38.0174	-38.0276
3620	-38.0416	-38.0528
3621	-38.0658	-38.0741
3622	-38.0899	-38.0943
3623	-38.1140	-38.1148
3624	-38.1381	-38.1371
3625	-38.1622	-38.1644
3626	-38.1864	-38.1934
3627	-38.2106	-38.2224
3628	-38.2347	-38.2496
3629	-38.2588	-38.2721
3630	-38.2830	-38.2927
3631	-38.3071	-38.3128
3632	-38.3312	-38.3336
3633	-38.3553	-38.3565
3634	-38.3793	-38.3804
3635	-38.4034	-38.4053
3636	-38.4274	-38.4312
3637	-38.4514	-38.4584
3638	-38.4754	-38.4865
3639	-38.4995	-38.5145
3640	-38.5235	-38.5416
3641	-38.5476	-38.5673
3642	-38.5716	-38.5919
3643	-38.5957	-38.6156
3644	-38.6199	-38.6383
3645	-38.6441	-38.6601
3646	-38.6684	-38.6811
3647	-38.6927	-38.7017
3648	-38.7169	-38.7223
3649	-38.7411	-38.7431
3650	-38.7652	-38.7640
3651	-38.7894	-38.7856
3652	-38.8135	-38.8080
3653	-38.8376	-38.8320
3654	-38.8617	-38.8569
3655	-38.8858	-38.8820
3656	-38.9099	-38.9069
3657	-38.9340	-38.9301
3658	-38.9581	-38.9531
3659	-38.9822	-38.9763
3660	-39.0063	-39.0005
3661	-39.0305	-39.0263
3662	-39.0546	-39.0530
3663	-39.0788	-39.0803
3664	-39.1031	-39.1079
3665	-39.1274	-39.1357
3666	-39.1518	-39.1635
3667	-39.1761	-39.1909
3668	-39.2004	-39.2174
3669	-39.2246	-39.2419
3670	-39.2487	-39.2656
3671	-39.2729	-39.2892
3672	-39.2971	-39.3134
3673	-39.3215	-39.3404
3674	-39.3461	-39.3680
3675	-39.3706	-39.3950
3676	-39.3950	-39.4202
3677	-39.4192	-39.4413
3678	-39.4433	-39.4607
3679	-39.4674	-39.4799
3680	-39.4915	-39.5003
3681	-39.5157	-39.5246
3682	-39.5399	-39.5502
3683	-39.5641	-39.5761
3684	-39.5884	-39.6011
3685	-39.6127	-39.6230
3686	-39.6371	-39.6440
3687	-39.6614	-39.6652
3688	-39.6857	-39.6876
3689	-39.7099	-39.7137
3690	-39.7340	-39.7410
3691	-39.7582	-39.7680
3692	-39.7824	-39.7931
3693	-39.8068	-39.8142
3694	-39.8312	-39.8334
3695	-39.8556	-39.8518
3696	-39.8800	-39.8705
3697	-39.9042	-39.8903
3698	-39.9283	-39.9107
3699	-39.9524	-39.9319
3700	-39.9765	-39.9542
3701	-40.0006	-39.9775
3702	-40.0247	-40.0019
3703	-40.0489	-40.0273
3704	-40.0733	-40.0536
3705	-40.0978	-40.0806
3706	-40.1226	-40.1083
3707	-40.1476	-40.1363
3708	-40.1728	-40.1642
3709	-40.1986	-40.1919
3710	-40.2246	-40.2192
3711	-40.2504	-40.2460
3712	-40.2759	-40.2719
3713	-40.3005	-40.2963
3714	-40.3247	-40.3198
3715	-40.3486	-40.3430
3716	-40.3725	-40.3666
3717	-40.3967	-40.3908
3718	-40.4208	-40.4154
3719	-40.4449	-40.4408
3720	-40.4690	-40.4670
3721	-40.4930	-40.4959
3722	-40.5170	-40.5253
3723	-40.5411	-40.5539
3724	-40.5651	-40.5799
3725	-40.5892	-40.6011
3726	-40.6134	-40.6198
3727	-40.6376	-40.6374
3728	-40.6617	-40.6552
3729	-40.6858	-40.6752
3730	-40.7098	-40.6957
3731	-40.7338	-40.7167
3732	-40.7578	-40.7379
3733	-40.7819	-40.7584
3734	-40.8059	-40.7793
3735	-40.8300	-40.8011
3736	-40.8541	-40.8243
3737	-40.8782	-40.8490
3738	-40.9023	-40.8751
3739	-40.9264	-40.9025
3740	-40.9505	-40.9308
3741	-40.9745	-40.9608
3742	-40.9985	-40.9914
3743	-41.0225	-41.0213
3744	-41.0465	-41.0492
3745	-41.0706	-41.0733
3746	-41.0947	-41.0954
3747	-41.1188	-41.1164
3748	-41.1428	-41.1374
3749	-41.1667	-41.1591
3750	-41.1907	-41.1810
3751	-41.2146	-41.2037
3752	-41.2385	-41.2277
3753	-41.2625	-41.2535
3754	-41.2866	-41.2806
3755	-41.3106	-41.3085
3756	-41.3347	-41.3367
3757	-41.3588	-41.3659
3758	-41.3828	-41.3951
3759	-41.4068	-41.4230
3760	-41.4308	-41.4483
3761	-41.4547	-41.4690
3762	-41.4786	-41.4873
3763	-41.5025	-41.5046
3764	-41.5264	-41.5227
3765	-41.5503	-41.5437
3766	-41.5742	-41.5657
3767	-41.5981	-41.5882
3768	-41.6220	-41.6106
3769	-41.6460	-41.6316
3770	-41.6700	-41.6526
3771	-41.6941	-41.6743
3772	-41.7182	-41.6974
3773	-41.7424	-41.7223
3774	-41.7665	-41.7487
3775	-41.7907	-41.7759
3776	-41.8148	-41.8037
3777	-41.8388	-41.8325
3778	-41.8628	-41.8615
3779	-41.8868	-41.8897
3780	-41.9107	-41.9158
3781	-41.9346	-41.9373
3782	-41.9586	-41.9570
3783	-41.9825	-41.9766
3784	-42.0064	-41.9981
3785	-42.0303	-42.0253
3786	-42.0542	-42.0543
3787	-42.0781	-42.0833
3788	-42.1021	-42.1101
3789	-42.1261	-42.1318
3790	-42.1502	-42.1512
3791	-42.1744	-42.1699
3792	-42.1985	-42.1892
3793	-42.2227	-42.2110
3794	-42.2468	-42.2337
3795	-42.2710	-42.2569
3796	-42.2952	-42.2803
3797	-42.3193	-42.3024
3798	-42.3434	-42.3248
3799	-42.3675	-42.3481
3800	-42.3916	-42.3731
3801	-42.4159	-42.4006
3802	-42.4402	-42.4298
3803	-42.4645	-42.4597
3804	-42.4887	-42.4896
3805	-42.5128	-42.5199
3806	-42.5368	-42.5497
3807	-42.5608	-42.5779
3808	-42.5848	-42.6033
3809	-42.6089	-42.6238
3810	-42.6331	-42.6415
3811	-42.6572	-42.6584
3812	-42.6814	-42.6761
3813	-42.7055	-42.6973
3814	-42.7297	-42.7196
3815	-42.7538	-42.7426
3816	-42.7779	-42.7656
3817	-42.8019	-42.7869
3818	-42.8260	-42.8083
3819	-42.8500	-42.8306
3820	-42.8741	-42.8546
3821	-42.8983	-42.8825
3822	-42.9226	-42.9119
3823	-42.9469	-42.9411
3824	-42.9711	-42.9685
3825	-42.9952	-42.9915
3826	-43.0192	-43.0126
3827	-43.0432	-43.0326
3828	-43.0672	-43.0528
3829	-43.0911	-43.0737
3830	-43.1150	-43.0951
3831	-43.1390	-43.1174
3832	-43.1632	-43.1411
3833	-43.1876	-43.1672
3834	-43.2122	-43.1946
3835	-43.2371	-43.2226
3836	-43.2622	-43.2503
3837	-43.2878	-43.2767
3838	-43.3136	-43.3026
3839	-43.3392	-43.3281
3840	-43.3645	-43.3533
3841	-43.3890	-43.3778
3842	-43.4130	-43.4021
3843	-43.4368	-43.4267
3844	-43.4605	-43.4522
3845	-43.4844	-43.4804
3846	-43.5083	-43.5093
3847	-43.5321	-43.5377
3848	-43.5560	-43.5645
3849	-43.5799	-43.5876
3850	-43.6038	-43.6089
3851	-43.6278	-43.6297
3852	-43.6517	-43.6510
3853	-43.6756	-43.6753
3854	-43.6995	-43.7002
3855	-43.7234	-43.7247
3856	-43.7473	-43.7477
3857	-43.7712	-43.7670
3858	-43.7952	-43.7850
3859	-43.8192	-43.8030
3860	-43.8431	-43.8225
3861	-43.8670	-43.8456
3862	-43.8909	-43.8702
3863	-43.9147	-43.8954
3864	-43.9386	-43.9202
3865	-43.9626	-43.9426
3866	-43.9866	-43.9647
3867	-44.0105	-43.9870
3868	-44.0344	-44.0104
3869	-44.0581	-44.0360
3870	-44.0818	-44.0627
3871	-44.1055	-44.0897
3872	-44.1292	-44.1163
3873	-44.1530	-44.1417
3874	-44.1769	-44.1666
3875	-44.2008	-44.1909
3876	-44.2247	-44.2147
3877	-44.2486	-44.2374
3878	-44.2724	-44.2596
3879	-44.2962	-44.2822
3880	-44.3201	-44.3059
3881	-44.3440	-44.3318
3882	-44.3679	-44.3587
3883	-44.3917	-44.3860
3884	-44.4156	-44.4130
3885	-44.4394	-44.4387
3886	-44.4632	-44.4641
3887	-44.4869	-44.4891
3888	-44.5107	-44.5142
3889	-44.5345	-44.5403
3890	-44.5582	-44.5664
3891	-44.5820	-44.5916
3892	-44.6057	-44.6153
3893	-44.6294	-44.6365
3894	-44.6531	-44.6563
3895	-44.6768	-44.6755
3896	-44.7006	-44.6951
3897	-44.7244	-44.7161
3898	-44.7483	-44.7376
3899	-44.7722	-44.7596
3900	-44.7961	-44.7819
3901	-44.8200	-44.8045
3902	-44.8439	-44.8274
3903	-44.8677	-44.8504
3904	-44.8916	-44.8733
3905	-44.9155	-44.8956
3906	-44.9393	-44.9179
3907	-44.9632	-44.9403
3908	-44.9870	-44.9632
3909	-45.0108	-44.9868
3910	-45.0346	-45.0108
3911	-45.0584	-45.0350
3912	-45.0821	-45.0594
3913	-45.1058	-45.0833
3914	-45.1295	-45.1072
3915	-45.1532	-45.1315
3916	-45.1769	-45.1562
3917	-45.2007	-45.1821
3918	-45.2245	-45.2083
3919	-45.2484	-45.2344
3920	-45.2724	-45.2598
3921	-45.2964	-45.2836
3922	-45.3205	-45.3066
3923	-45.3446	-45.3294
3924	-45.3686	-45.3524
3925	-45.3924	-45.3760
3926	-45.4162	-45.3999
3927	-45.4399	-45.4241
3928	-45.4638	-45.4487
3929	-45.4880	-45.4730
3930	-45.5122	-45.4978
3931	-45.5365	-45.5234
3932	-45.5606	-45.5501
3933	-45.5844	-45.5784
3934	-45.6082	-45.6077
3935	-45.6319	-45.6375
3936	-45.6557	-45.6671
3937	-45.6797	-45.6972
3938	-45.7038	-45.7267
3939	-45.7279	-45.7547
3940	-45.7519	-45.7801
3941	-45.7759	-45.8006
3942	-45.7998	-45.8187
3943	-45.8237	-45.8364
3944	-45.8475	-45.8557
3945	-45.8713	-45.8802
3946	-45.8950	-45.9064
3947	-45.9188	-45.9328
3948	-45.9427	-45.9577
3949	-45.9667	-45.9791
3950	-45.9909	-45.9989
3951	-46.0150	-46.0179
3952	-46.0391	-46.0369
3953	-46.0630	-46.0557
3954	-46.0869	-46.0748
3955	-46.1108	-46.0951
3956	-46.1346	-46.1175
3957	-46.1584	-46.1437
3958	-46.1822	-46.1719
3959	-46.2061	-46.2008
3960	-46.2302	-46.2291
3961	-46.2543	-46.2547
3962	-46.2787	-46.2795
3963	-46.3033	-46.3040
3964	-46.3282	-46.3286
3965	-46.3538	-46.3544
3966	-46.3796	-46.3803
3967	-46.4054	-46.4061
3968	-46.4309	-46.4312
3969	-46.4556	-46.4555
3970	-46.4800	-46.4792
3971	-46.5042	-46.5023
3972	-46.5283	-46.5250
3973	-46.5527	-46.5465
3974	-46.5771	-46.5678
3975	-46.6015	-46.5897
3976	-46.6258	-46.6131
3977	-46.6501	-46.6401
3978	-46.6743	-46.6685
3979	-46.6985	-46.6967
3980	-46.7227	-46.7234
3981	-46.7470	-46.7465
3982	-46.7713	-46.7679
3983	-46.7957	-46.7884
3984	-46.8201	-46.8088
3985	-46.8445	-46.8299
3986	-46.8690	-46.8510
3987	-46.8934	-46.8726
3988	-46.9177	-46.8948
3989	-46.9419	-46.9177
3990	-46.9660	-46.9414
3991	-46.9902	-46.9658
3992	-47.0143	-46.9907
3993	-47.0385	-47.0161
3994	-47.0628	-47.0420
3995	-47.0871	-47.0683
3996	-47.1113	-47.0946
3997	-47.1355	-47.1207
3998	-47.1596	-47.1468
3999	-47.1838	-47.1730
4000	-47.2080	-47.1991
4001	-47.2324	-47.2257
4002	-47.2568	-47.2522
4003	-47.2812	-47.2781
4004	-47.3055	-47.3032
4005	-47.3297	-47.3272
4006	-47.3538	-47.3503
4007	-47.3778	-47.3725
4008	-47.4019	-47.3941
4009	-47.4260	-47.4144
4010	-47.4502	-47.4342
4011	-47.4744	-47.4546
4012	-47.4986	-47.4765
4013	-47.5228	-47.5014
4014	-47.5471	-47.5279
4015	-47.5713	-47.5552
4016	-47.5955	-47.5825
4017	-47.6197	-47.6085
4018	-47.6438	-47.6343
4019	-47.6679	-47.6603
4020	-47.6920	-47.6864
4021	-47.7161	-47.7136
4022	-47.7402	-47.7410
4023	-47.7644	-47.7679
4024	-47.7885	-47.7939
4025	-47.8127	-47.8182
4026	-47.8368	-47.8415
4027	-47.8611	-47.8641
4028	-47.8853	-47.8865
4029	-47.9096	-47.9086
4030	-47.9339	-47.9306
4031	-47.9582	-47.9531
4032	-47.9825	-47.9766
4033	-48.0068	-48.0022
4034	-48.0310	-48.0287
4035	-48.0552	-48.0553
4036	-48.0794	-48.0812
4037	-48.1035	-48.1052
4038	-48.1276	-48.1285
4039	-48.1516	-48.1514
4040	-48.1757	-48.1744
4041	-48.1998	-48.1980
4042	-48.2239	-48.2219
4043	-48.2480	-48.2458
4044	-48.2722	-48.2698
4045	-48.2964	-48.2944
4046	-48.3207	-48.3189
4047	-48.3451	-48.3431
4048	-48.3694	-48.3663
4049	-48.3938	-48.3875
4050	-48.4182	-48.4079
4051	-48.4426	-48.4284
4052	-48.4669	-48.4498
4053	-48.4911	-48.4729
4054	-48.5153	-48.4972
4055	-48.5395	-48.5223
4056	-48.5638	-48.5482
4057	-48.5883	-48.5753
4058	-48.6128	-48.6029
4059	-48.6373	-48.6302
4060	-48.6618	-48.6563
4061	-48.6861	-48.6812
4062	-48.7102	-48.7047
4063	-48.7344	-48.7262
4064	-48.7586	-48.7456
4065	-48.7829	-48.7612
4066	-48.8073	-48.7748
4067	-48.8316	-48.7885
4068	-48.8560	-48.8042
4069	-48.8803	-48.8260
4070	-48.9046	-48.8498
4071	-48.9289	-48.8734
4072	-48.9531	-48.8947
4073	-48.9772	-48.9122
4074	-49.0012	-48.9270
4075	-49.0255	-48.9393
4076	-49.0500	-48.9491
4077	-49.0752	-48.9560
4078	-49.1006	-48.9608
4079	-49.1260	-48.9654
4080	-49.1512	-48.9716
4081	-49.1757	-48.9826
4082	-49.1999	-48.9952
4083	-49.2239	-49.0082
4084	-49.2479	-49.0201
4085	-49.2719	-49.0296
4086	-49.2959	-49.0378
4087	-49.3200	-49.0450
4088	-49.3443	-49.0514
4089	-49.3688	-49.0571
4090	-49.3936	-49.0624
4091	-49.4185	-49.0674
4092	-49.4435	-49.0722
4093	-49.4685	-49.0770
4094	-49.4934	-49.0820
4095	-49.5182	-49.0873
